171
0.966294 -1.3411e-07 -0.25744 0 1.3411e-07 1 -2.29105e-07 0 0.25744 1.93715e-07 0.966294 0 -1.38914 0.160415 1.81103 1
0.97826 -7.48725e-07 -0.207384 0 7.58737e-07 1 -3.87663e-07 0 0.207384 2.24798e-07 0.97826 0 -1.24476 0.160415 1.76627 1
0.977591 -3.82632e-07 -0.210513 0 1.01773e-06 0.999999 -4.93717e-07 0 0.210513 2.6956e-07 0.977591 0 -1.26012 0.160415 1.77044 1
0.999262 -3.03611e-07 -0.0383728 0 -5.12227e-09 0.999999 -3.94881e-07 0 0.0383731 2.12342e-07 0.999263 0 0.00182366 0.160416 1.54263 1
0.948912 -0.0438526 -0.312475 0 0.0586086 0.997557 0.0379841 0 0.310046 -0.0543576 0.949166 0 -2.11818 0.600922 2.01935 1
0.977591 -9.53674e-07 -0.210512 0 1.2368e-06 1 5.40167e-07 0 0.210512 -8.71989e-07 0.977591 0 -1.26011 0.160424 1.77045 1
0.912943 -0.362693 -0.187049 0 0.401823 0.878935 0.256923 0 0.0712196 -0.309717 0.948157 0 0.223541 2.37267 2.2682 1
0.946769 0.0155343 0.321535 0 -0.0943364 0.96837 0.230992 0 -0.307777 -0.249029 0.91829 0 0.65655 2.53741 2.61101 1
0.94677 0.0155343 0.321535 0 -0.0943365 0.968371 0.230992 0 -0.307777 -0.249029 0.918291 0 0.656547 2.53742 2.61101 1
0.979078 0.191574 0.0685949 0 -0.201873 0.956806 0.209208 0 -0.0255535 -0.218678 0.975462 0 -1.12446 2.2008 2.46838 1
0.979078 0.191574 0.0685943 0 -0.192775 0.765344 0.614072 0 0.0651418 -0.614448 0.786263 0 -1.44129 2.72672 5.52178 1
0.519694 0.826554 -0.216158 0 0.181826 0.140208 0.973284 0 0.834779 -0.545112 -0.0774235 0 -1.68253 -2.03389 11.3995 1
0.94677 0.0155343 0.321534 0 -0.0943362 0.96837 0.230993 0 -0.307776 -0.249029 0.918291 0 0.656549 2.53742 2.61102 1
0.818228 0.248374 -0.518472 0 -0.304697 0.952128 -0.0247419 0 0.487506 0.178221 0.854736 0 -3.60448 0.415006 2.48189 1
0.977591 -1.02818e-06 -0.210514 0 2.83122e-07 1 -1.08872e-06 0 0.210514 7.00355e-07 0.97759 0 -1.26012 0.160411 1.77045 1
0.959712 0.270867 -0.0747236 0 -0.280236 0.903279 -0.324892 0 -0.0205056 0.332743 0.942794 0 0.79102 -2.19306 2.41884 1
0.911718 -0.0610921 0.406251 0 0.172992 0.954026 -0.244765 0 -0.37262 0.293433 0.88037 0 1.18735 -2.32088 2.74698 1
0.911718 -0.0610921 0.406251 0 0.172991 0.954026 -0.244765 0 -0.37262 0.293433 0.88037 0 1.18734 -2.32088 2.74697 1
0.911718 -0.0610927 0.40625 0 0.33384 0.68649 -0.645976 0 -0.239421 0.724568 0.64628 0 -0.215552 -2.75491 5.83012 1
0.937609 -0.0298757 0.346407 0 0.271326 0.685886 -0.675236 0 -0.217422 0.727095 0.651199 0 0.0149457 -2.79732 6.04175 1
0.95403 -0.0266212 0.298534 0 0.298269 -0.0135126 -0.954388 0 0.0294408 0.999555 -0.00495151 0 -1.15261 0.16621 10.3554 1
0.911717 -0.0610916 0.406251 0 0.172992 0.954026 -0.244766 0 -0.372621 0.293434 0.88037 0 1.18735 -2.32088 2.74698 1
0.911718 -0.0610922 0.406251 0 0.172992 0.954026 -0.244766 0 -0.37262 0.293434 0.880369 0 1.18735 -2.32088 2.74698 1
0.966293 7.45058e-07 -0.257438 0 -1.12131e-06 0.999999 -1.59442e-06 0 0.257439 -2.70084e-07 0.966293 0 -1.38914 0.160417 1.81103 1
0.89291 0.0794609 0.443164 0 -0.0579641 0.996398 -0.0618734 0 -0.446484 0.0295581 0.8943 0 0.660893 0.057004 1.86003 1
0.930227 -0.0385573 -0.364946 0 -0.0584228 0.96622 -0.251001 0 0.362298 0.254808 0.896554 0 0.766575 0.149915 2.25985 1
0.996449 0.0835842 -0.0100997 0 -0.083602 0.968118 -0.236135 0 -0.00995779 0.236139 0.971666 0 -0.47235 0.0930872 2.52628 1
0.995708 0.0917495 -0.0120635 0 -0.091996 0.967285 -0.236427 0 -0.0100217 0.236521 0.971572 0 -0.477502 0.0872874 2.52733 1
0.966294 5.66244e-07 -0.257441 0 -3.27826e-07 0.999999 2.83122e-07 0 0.257441 -2.0303e-07 0.966293 0 -1.38915 0.160416 1.81103 1
0.89916 -0.0481385 0.434963 0 0.0305002 0.998406 0.0474454 0 -0.436554 -0.0293948 0.899197 0 0.623346 0.247123 1.98298 1
0.929203 0.0264304 -0.368624 0 0.0369101 0.985816 0.163721 0 0.367724 -0.165736 0.915046 0 0.781894 0.185105 2.34084 1
0.99879 -0.0491681 -0.00263613 0 0.0489891 0.986906 0.153685 0 -0.00495359 -0.153628 0.988115 0 -0.434695 0.214835 2.63009 1
0.998434 -0.055893 -0.00340251 0 0.0557493 0.986473 0.154158 0 -0.005259 -0.154106 0.98804 0 -0.440038 0.219626 2.63021 1
0.966294 -1.3411e-07 -0.25744 0 1.3411e-07 1 -2.29105e-07 0 0.25744 1.93715e-07 0.966294 0 -1.38914 0.160415 1.81103 1
0.97826 -7.48725e-07 -0.207384 0 7.58737e-07 1 -3.87663e-07 0 0.207384 2.24798e-07 0.97826 0 -1.24476 0.160415 1.76627 1
0.977591 -3.82632e-07 -0.210513 0 1.01773e-06 0.999999 -4.93717e-07 0 0.210513 2.6956e-07 0.977591 0 -1.26012 0.160415 1.77044 1
0.999262 -3.03611e-07 -0.0383728 0 -5.12227e-09 0.999999 -3.94881e-07 0 0.0383731 2.12342e-07 0.999263 0 0.00182366 0.160416 1.54263 1
0.948912 -0.0438526 -0.312475 0 0.0586086 0.997557 0.0379841 0 0.310046 -0.0543576 0.949166 0 -2.11818 0.600922 2.01935 1
0.977591 -9.53674e-07 -0.210512 0 1.2368e-06 1 5.40167e-07 0 0.210512 -8.71989e-07 0.977591 0 -1.26011 0.160424 1.77045 1
0.912943 -0.362693 -0.187049 0 0.401823 0.878935 0.256923 0 0.0712196 -0.309717 0.948157 0 0.223541 2.37267 2.2682 1
0.946769 0.0155343 0.321535 0 -0.0943364 0.96837 0.230992 0 -0.307777 -0.249029 0.91829 0 0.65655 2.53741 2.61101 1
0.94677 0.0155343 0.321535 0 -0.0943365 0.968371 0.230992 0 -0.307777 -0.249029 0.918291 0 0.656547 2.53742 2.61101 1
0.979078 0.191574 0.0685949 0 -0.201873 0.956806 0.209208 0 -0.0255535 -0.218678 0.975462 0 -1.12446 2.2008 2.46838 1
0.979078 0.191574 0.0685943 0 -0.192775 0.765344 0.614072 0 0.0651418 -0.614448 0.786263 0 -1.44129 2.72672 5.52178 1
0.519694 0.826554 -0.216158 0 0.181826 0.140208 0.973284 0 0.834779 -0.545112 -0.0774235 0 -1.68253 -2.03389 11.3995 1
0.94677 0.0155343 0.321534 0 -0.0943362 0.96837 0.230993 0 -0.307776 -0.249029 0.918291 0 0.656549 2.53742 2.61102 1
0.818228 0.248374 -0.518472 0 -0.304697 0.952128 -0.0247419 0 0.487506 0.178221 0.854736 0 -3.60448 0.415006 2.48189 1
0.977591 -1.02818e-06 -0.210514 0 2.83122e-07 1 -1.08872e-06 0 0.210514 7.00355e-07 0.97759 0 -1.26012 0.160411 1.77045 1
0.959712 0.270867 -0.0747236 0 -0.280236 0.903279 -0.324892 0 -0.0205056 0.332743 0.942794 0 0.79102 -2.19306 2.41884 1
0.911718 -0.0610921 0.406251 0 0.172992 0.954026 -0.244765 0 -0.37262 0.293433 0.88037 0 1.18735 -2.32088 2.74698 1
0.911718 -0.0610921 0.406251 0 0.172991 0.954026 -0.244765 0 -0.37262 0.293433 0.88037 0 1.18734 -2.32088 2.74697 1
0.911718 -0.0610927 0.40625 0 0.33384 0.68649 -0.645976 0 -0.239421 0.724568 0.64628 0 -0.215552 -2.75491 5.83012 1
0.937609 -0.0298757 0.346407 0 0.271326 0.685886 -0.675236 0 -0.217422 0.727095 0.651199 0 0.0149457 -2.79732 6.04175 1
0.95403 -0.0266212 0.298534 0 0.298269 -0.0135126 -0.954388 0 0.0294408 0.999555 -0.00495151 0 -1.15261 0.16621 10.3554 1
0.911717 -0.0610916 0.406251 0 0.172992 0.954026 -0.244766 0 -0.372621 0.293434 0.88037 0 1.18735 -2.32088 2.74698 1
0.911718 -0.0610922 0.406251 0 0.172992 0.954026 -0.244766 0 -0.37262 0.293434 0.880369 0 1.18735 -2.32088 2.74698 1
0.966293 7.45058e-07 -0.257438 0 -1.12131e-06 0.999999 -1.59442e-06 0 0.257439 -2.70084e-07 0.966293 0 -1.38914 0.160417 1.81103 1
0.89291 0.0794609 0.443164 0 -0.0579641 0.996398 -0.0618734 0 -0.446484 0.0295581 0.8943 0 0.660893 0.057004 1.86003 1
0.930227 -0.0385573 -0.364946 0 -0.0584228 0.96622 -0.251001 0 0.362298 0.254808 0.896554 0 0.766575 0.149915 2.25985 1
0.996449 0.0835842 -0.0100997 0 -0.083602 0.968118 -0.236135 0 -0.00995779 0.236139 0.971666 0 -0.47235 0.0930872 2.52628 1
0.995708 0.0917495 -0.0120635 0 -0.091996 0.967285 -0.236427 0 -0.0100217 0.236521 0.971572 0 -0.477502 0.0872874 2.52733 1
0.966294 5.66244e-07 -0.257441 0 -3.27826e-07 0.999999 2.83122e-07 0 0.257441 -2.0303e-07 0.966293 0 -1.38915 0.160416 1.81103 1
0.89916 -0.0481385 0.434963 0 0.0305002 0.998406 0.0474454 0 -0.436554 -0.0293948 0.899197 0 0.623346 0.247123 1.98298 1
0.929203 0.0264304 -0.368624 0 0.0369101 0.985816 0.163721 0 0.367724 -0.165736 0.915046 0 0.781894 0.185105 2.34084 1
0.99879 -0.0491681 -0.00263613 0 0.0489891 0.986906 0.153685 0 -0.00495359 -0.153628 0.988115 0 -0.434695 0.214835 2.63009 1
0.998434 -0.055893 -0.00340251 0 0.0557493 0.986473 0.154158 0 -0.005259 -0.154106 0.98804 0 -0.440038 0.219626 2.63021 1
0.966294 -1.3411e-07 -0.25744 0 1.3411e-07 1 -2.29105e-07 0 0.25744 1.93715e-07 0.966294 0 -1.38914 0.160415 1.81103 1
0.97826 -7.48725e-07 -0.207384 0 7.58737e-07 1 -3.87663e-07 0 0.207384 2.24798e-07 0.97826 0 -1.24476 0.160415 1.76627 1
0.977591 -3.82632e-07 -0.210513 0 1.01773e-06 0.999999 -4.93717e-07 0 0.210513 2.6956e-07 0.977591 0 -1.26012 0.160415 1.77044 1
0.999262 -3.03611e-07 -0.0383728 0 -5.12227e-09 0.999999 -3.94881e-07 0 0.0383731 2.12342e-07 0.999263 0 0.00182366 0.160416 1.54263 1
0.948912 -0.0438526 -0.312475 0 0.0586086 0.997557 0.0379841 0 0.310046 -0.0543576 0.949166 0 -2.11818 0.600922 2.01935 1
0.977591 -9.53674e-07 -0.210512 0 1.2368e-06 1 5.40167e-07 0 0.210512 -8.71989e-07 0.977591 0 -1.26011 0.160424 1.77045 1
0.912943 -0.362693 -0.187049 0 0.401823 0.878935 0.256923 0 0.0712196 -0.309717 0.948157 0 0.223541 2.37267 2.2682 1
0.946769 0.0155343 0.321535 0 -0.0943364 0.96837 0.230992 0 -0.307777 -0.249029 0.91829 0 0.65655 2.53741 2.61101 1
0.94677 0.0155343 0.321535 0 -0.0943365 0.968371 0.230992 0 -0.307777 -0.249029 0.918291 0 0.656547 2.53742 2.61101 1
0.979078 0.191574 0.0685949 0 -0.201873 0.956806 0.209208 0 -0.0255535 -0.218678 0.975462 0 -1.12446 2.2008 2.46838 1
0.979078 0.191574 0.0685943 0 -0.192775 0.765344 0.614072 0 0.0651418 -0.614448 0.786263 0 -1.44129 2.72672 5.52178 1
0.519694 0.826554 -0.216158 0 0.181826 0.140208 0.973284 0 0.834779 -0.545112 -0.0774235 0 -1.68253 -2.03389 11.3995 1
0.94677 0.0155343 0.321534 0 -0.0943362 0.96837 0.230993 0 -0.307776 -0.249029 0.918291 0 0.656549 2.53742 2.61102 1
0.818228 0.248374 -0.518472 0 -0.304697 0.952128 -0.0247419 0 0.487506 0.178221 0.854736 0 -3.60448 0.415006 2.48189 1
0.977591 -1.02818e-06 -0.210514 0 2.83122e-07 1 -1.08872e-06 0 0.210514 7.00355e-07 0.97759 0 -1.26012 0.160411 1.77045 1
0.959712 0.270867 -0.0747236 0 -0.280236 0.903279 -0.324892 0 -0.0205056 0.332743 0.942794 0 0.79102 -2.19306 2.41884 1
0.911718 -0.0610921 0.406251 0 0.172992 0.954026 -0.244765 0 -0.37262 0.293433 0.88037 0 1.18735 -2.32088 2.74698 1
0.911718 -0.0610921 0.406251 0 0.172991 0.954026 -0.244765 0 -0.37262 0.293433 0.88037 0 1.18734 -2.32088 2.74697 1
0.911718 -0.0610927 0.40625 0 0.33384 0.68649 -0.645976 0 -0.239421 0.724568 0.64628 0 -0.215552 -2.75491 5.83012 1
0.937609 -0.0298757 0.346407 0 0.271326 0.685886 -0.675236 0 -0.217422 0.727095 0.651199 0 0.0149457 -2.79732 6.04175 1
0.95403 -0.0266212 0.298534 0 0.298269 -0.0135126 -0.954388 0 0.0294408 0.999555 -0.00495151 0 -1.15261 0.16621 10.3554 1
0.911717 -0.0610916 0.406251 0 0.172992 0.954026 -0.244766 0 -0.372621 0.293434 0.88037 0 1.18735 -2.32088 2.74698 1
0.911718 -0.0610922 0.406251 0 0.172992 0.954026 -0.244766 0 -0.37262 0.293434 0.880369 0 1.18735 -2.32088 2.74698 1
0.966293 7.45058e-07 -0.257438 0 -1.12131e-06 0.999999 -1.59442e-06 0 0.257439 -2.70084e-07 0.966293 0 -1.38914 0.160417 1.81103 1
0.89291 0.0794609 0.443164 0 -0.0579641 0.996398 -0.0618734 0 -0.446484 0.0295581 0.8943 0 0.660893 0.057004 1.86003 1
0.930227 -0.0385573 -0.364946 0 -0.0584228 0.96622 -0.251001 0 0.362298 0.254808 0.896554 0 0.766575 0.149915 2.25985 1
0.996449 0.0835842 -0.0100997 0 -0.083602 0.968118 -0.236135 0 -0.00995779 0.236139 0.971666 0 -0.47235 0.0930872 2.52628 1
0.995708 0.0917495 -0.0120635 0 -0.091996 0.967285 -0.236427 0 -0.0100217 0.236521 0.971572 0 -0.477502 0.0872874 2.52733 1
0.966294 5.66244e-07 -0.257441 0 -3.27826e-07 0.999999 2.83122e-07 0 0.257441 -2.0303e-07 0.966293 0 -1.38915 0.160416 1.81103 1
0.89916 -0.0481385 0.434963 0 0.0305002 0.998406 0.0474454 0 -0.436554 -0.0293948 0.899197 0 0.623346 0.247123 1.98298 1
0.929203 0.0264304 -0.368624 0 0.0369101 0.985816 0.163721 0 0.367724 -0.165736 0.915046 0 0.781894 0.185105 2.34084 1
0.99879 -0.0491681 -0.00263613 0 0.0489891 0.986906 0.153685 0 -0.00495359 -0.153628 0.988115 0 -0.434695 0.214835 2.63009 1
0.998434 -0.055893 -0.00340251 0 0.0557493 0.986473 0.154158 0 -0.005259 -0.154106 0.98804 0 -0.440038 0.219626 2.63021 1
0.966294 -1.3411e-07 -0.25744 0 1.3411e-07 1 -2.29105e-07 0 0.25744 1.93715e-07 0.966294 0 -1.38914 0.160415 1.81249 1
0.978378 -0.00142166 -0.206823 0 0.0014203 0.999999 -0.000155444 0 0.206823 -0.000141665 0.978378 0 -1.24314 0.161106 1.76729 1
0.977934 -0.00140626 -0.208906 0 0.00151675 0.999998 0.000365073 0 0.208906 -0.00067388 0.977936 0 -1.25337 0.163746 1.77005 1
0.999323 -0.00150154 -0.0367312 0 0.00151568 0.999997 0.000365164 0 0.0367308 -0.000420792 0.999325 0 0.00894201 0.161916 1.54431 1
0.949257 -0.0443765 -0.311352 0 0.059106 0.997526 0.0380286 0 0.308894 -0.0545019 0.949533 0 -2.11499 0.59995 2.01879 1
0.977935 -0.00140682 -0.208906 0 0.00151697 0.999999 0.000366107 0 0.208905 -0.000675021 0.977935 0 -1.25336 0.163754 1.77005 1
0.911241 -0.366375 -0.188168 0 0.405516 0.878029 0.254208 0 0.0720816 -0.30795 0.948668 0 0.214815 2.35736 2.26362 1
0.945311 0.0179542 0.325673 0 -0.0966409 0.969066 0.22709 0 -0.311521 -0.246145 0.917805 0 0.653115 2.52453 2.61066 1
0.945312 0.0179541 0.325672 0 -0.0966409 0.969067 0.22709 0 -0.311522 -0.246145 0.917806 0 0.653112 2.52454 2.61066 1
0.97851 0.193128 0.0722473 0 -0.204065 0.957279 0.204871 0 -0.0295946 -0.215212 0.976118 0 -1.1268 2.18504 2.46135 1
0.97851 0.193128 0.0722467 0 -0.196511 0.767283 0.610457 0 0.0624628 -0.611536 0.788746 0 -1.45788 2.72148 5.5114 1
0.519556 0.826468 -0.21682 0 0.177318 0.143941 0.97357 0 0.835835 -0.54427 -0.0717618 0 -1.71891 -2.01834 11.4051 1
0.945312 0.017954 0.325672 0 -0.0966408 0.969066 0.227091 0 -0.31152 -0.246145 0.917806 0 0.653113 2.52454 2.61067 1
0.820193 0.247607 -0.515728 0 -0.305842 0.951625 -0.0295138 0 0.483471 0.181938 0.856244 0 -3.6045 0.395983 2.47028 1
0.977935 -0.00140692 -0.208907 0 0.00151603 0.999998 0.00036448 0 0.208907 -0.000673451 0.977935 0 -1.25338 0.163741 1.77005 1
0.959865 0.270439 -0.0743146 0 -0.279692 0.903353 -0.325156 0 -0.0208019 0.332891 0.942736 0 0.789454 -2.19599 2.42239 1
0.91232 -0.0601429 0.40504 0 0.171905 0.954022 -0.245543 0 -0.371648 0.29364 0.880711 0 1.1845 -2.32316 2.74919 1
0.91232 -0.0601429 0.40504 0 0.171905 0.954023 -0.245543 0 -0.371649 0.293641 0.880711 0 1.18449 -2.32316 2.74919 1
0.91232 -0.0601435 0.405039 0 0.332416 0.686385 -0.646821 0 -0.23911 0.724747 0.646195 0 -0.213848 -2.75654 5.8345 1
0.938105 -0.0289402 0.345142 0 0.269862 0.685715 -0.675995 0 -0.217106 0.727294 0.651082 0 0.0169718 -2.79865 6.04583 1
0.954457 -0.0257 0.297245 0 0.296975 -0.0138208 -0.954786 0 0.028646 0.999575 -0.00555922 0 -1.14703 0.166416 10.3594 1
0.912319 -0.0601423 0.40504 0 0.171906 0.954022 -0.245543 0 -0.371649 0.293641 0.880711 0 1.18449 -2.32316 2.7492 1
0.91232 -0.0601429 0.40504 0 0.171905 0.954022 -0.245543 0 -0.371649 0.293642 0.880711 0 1.18449 -2.32316 2.7492 1
0.966293 7.45058e-07 -0.257438 0 -1.12131e-06 0.999999 -1.59442e-06 0 0.257439 -2.70084e-07 0.966293 0 -1.38914 0.160417 1.8125 1
0.893087 0.0794118 0.442815 0 -0.0579078 0.996399 -0.0619024 0 -0.446136 0.0296402 0.894471 0 0.65987 0.056772 1.86104 1
0.930366 -0.0384599 -0.364599 0 -0.058376 0.966252 -0.250888 0 0.361946 0.254699 0.896726 0 0.765458 0.149578 2.2605 1
0.996451 0.0835402 -0.0100891 0 -0.0835582 0.968147 -0.236023 0 -0.00994802 0.236027 0.971693 0 -0.472283 0.0927322 2.52644 1
0.99571 0.0917092 -0.0120586 0 -0.0919571 0.967314 -0.236316 0 -0.0100062 0.236409 0.971599 0 -0.477416 0.0869306 2.5275 1
0.966294 5.66244e-07 -0.257441 0 -3.27826e-07 0.999999 2.83122e-07 0 0.257441 -2.0303e-07 0.966293 0 -1.38915 0.160416 1.8125 1
0.899335 -0.0481052 0.434606 0 0.0304685 0.998407 0.0474615 0 -0.436197 -0.0294422 0.899368 0 0.622324 0.247262 1.98393 1
0.929349 0.0263656 -0.368256 0 0.0368788 0.985827 0.163649 0 0.367353 -0.165668 0.915207 0 0.780724 0.185315 2.34146 1
0.998788 -0.0491442 -0.0026333 0 0.0489655 0.986915 0.153615 0 -0.00494948 -0.153557 0.988126 0 -0.434661 0.215064 2.63017 1
0.998432 -0.0558708 -0.00340004 0 0.0557274 0.986482 0.154087 0 -0.00525428 -0.154035 0.988051 0 -0.440003 0.21986 2.63029 1
0.966294 -1.19209e-07 -0.25744 0 1.19209e-07 1 -2.29105e-07 0 0.25744 1.9744e-07 0.966294 0 -1.38914 0.160415 1.81443 1
0.978529 -0.00329261 -0.206084 0 0.00328947 0.999994 -0.000358326 0 0.206085 -0.000327273 0.978534 0 -1.24102 0.162012 1.76862 1
0.97838 -0.00325885 -0.20679 0 0.0035109 0.999993 0.000848065 0 0.206786 -0.00155576 0.978385 0 -1.24447 0.168105 1.76954 1
0.999395 -0.00347873 -0.034569 0 0.0035098 0.999992 0.000848165 0 0.034566 -0.000969205 0.999402 0 0.0183244 0.163863 1.54654 1
0.949708 -0.0450675 -0.309873 0 0.0597608 0.997485 0.0380845 0 0.307377 -0.0546876 0.950015 0 -2.1108 0.598656 2.01805 1
0.97838 -0.00325941 -0.206789 0 0.00351112 0.999993 0.000848975 0 0.206785 -0.00155687 0.978385 0 -1.24446 0.168113 1.76955 1
0.908974 -0.371218 -0.189634 0 0.410368 0.876801 0.250632 0 0.0732324 -0.305638 0.949327 0 0.203195 2.33729 2.25767 1
0.943368 0.0211844 0.331069 0 -0.0996656 0.969955 0.221928 0 -0.316421 -0.242357 0.917137 0 0.648448 2.50768 2.61026 1
0.943368 0.0211843 0.331069 0 -0.0996657 0.969956 0.221928 0 -0.316421 -0.242357 0.917138 0 0.648444 2.50769 2.61026 1
0.977731 0.195217 0.0770131 0 -0.206937 0.957871 0.199141 0 -0.0348935 -0.210644 0.976939 0 -1.12997 2.1643 2.45222 1
0.977731 0.195217 0.0770125 0 -0.201409 0.76981 0.60566 0 0.0589497 -0.607685 0.791987 0 -1.47972 2.71457 5.49772 1
0.519353 0.826361 -0.217715 0 0.171398 0.148863 0.97389 0 0.837195 -0.543108 -0.0643241 0 -1.7667 -1.99776 11.4122 1
0.943368 0.0211843 0.331068 0 -0.0996654 0.969955 0.221928 0 -0.31642 -0.242357 0.917137 0 0.648447 2.50769 2.61026 1
0.822741 0.24663 -0.512123 0 -0.30734 0.950926 -0.0358016 0 0.478161 0.186851 0.858165 0 -3.60452 0.370882 2.45524 1
0.97838 -0.00325952 -0.206791 0 0.00351015 0.999993 0.000847552 0 0.206787 -0.00155534 0.978384 0 -1.24447 0.168101 1.76955 1
0.960065 0.269876 -0.0737756 0 -0.278975 0.903449 -0.325504 0 -0.0211925 0.333087 0.942658 0 0.787383 -2.19986 2.42706 1
0.913108 -0.0588929 0.403442 0 0.170473 0.954015 -0.246567 0 -0.370368 0.293916 0.881158 0 1.18073 -2.32616 2.75211 1
0.913109 -0.0588929 0.403442 0 0.170472 0.954015 -0.246566 0 -0.370369 0.293917 0.881158 0 1.18073 -2.32617 2.75211 1
0.913108 -0.0588934 0.403442 0 0.330539 0.686243 -0.647932 0 -0.238699 0.724984 0.646081 0 -0.211611 -2.75868 5.84025 1
0.938753 -0.0277085 0.343475 0 0.267934 0.685486 -0.676993 0 -0.216689 0.727557 0.650926 0 0.0196325 -2.80038 6.0512 1
0.955016 -0.0244873 0.295546 0 0.295272 -0.0142303 -0.955308 0 0.0275983 0.999599 -0.00635958 0 -1.13968 0.16671 10.3646 1
0.913108 -0.0588922 0.403442 0 0.170473 0.954015 -0.246567 0 -0.370369 0.293918 0.881158 0 1.18073 -2.32617 2.75212 1
0.913108 -0.0588927 0.403443 0 0.170473 0.954015 -0.246567 0 -0.370369 0.293918 0.881157 0 1.18073 -2.32617 2.75212 1
0.966293 7.59959e-07 -0.257438 0 -1.13621e-06 0.999999 -1.59442e-06 0 0.257439 -2.66358e-07 0.966293 0 -1.38914 0.160417 1.81443 1
0.893321 0.079347 0.442355 0 -0.0578337 0.996401 -0.0619405 0 -0.445677 0.0297481 0.894695 0 0.658522 0.0564672 1.86237 1
0.930548 -0.0383322 -0.364143 0 -0.0583138 0.966294 -0.250739 0 0.361484 0.254555 0.896952 0 0.763988 0.149134 2.26136 1
0.996454 0.0834817 -0.0100755 0 -0.0834999 0.968187 -0.235877 0 -0.0099349 0.235878 0.971728 0 -0.472195 0.0922668 2.52666 1
0.995713 0.0916557 -0.0120523 0 -0.0919053 0.967354 -0.236169 0 -0.00998579 0.236261 0.971634 0 -0.477304 0.0864624 2.52773 1
0.966294 5.96046e-07 -0.257441 0 -3.27826e-07 0.999999 2.83122e-07 0 0.257441 -1.99305e-07 0.966293 0 -1.38915 0.160416 1.81443 1
0.899564 -0.0480614 0.434136 0 0.0304266 0.998407 0.0474829 0 -0.435727 -0.0295049 0.899594 0 0.620977 0.247446 1.98518 1
0.929541 0.0262808 -0.367771 0 0.0368375 0.985842 0.163555 0 0.366864 -0.165578 0.915419 0 0.779184 0.185593 2.34227 1
0.998786 -0.0491124 -0.00262928 0 0.0489341 0.986928 0.153522 0 -0.00494418 -0.153464 0.98814 0 -0.434617 0.215366 2.63028 1
0.998431 -0.0558413 -0.00339638 0 0.0556983 0.986496 0.153994 0 -0.00524816 -0.153941 0.988065 0 -0.439958 0.220167 2.63039 1
0.966294 -1.3411e-07 -0.25744 0 1.3411e-07 1 -2.29105e-07 0 0.25744 1.93715e-07 0.966294 0 -1.38914 0.160415 1.81624 1
0.978667 -0.00504735 -0.205391 0 0.00504253 0.999987 -0.000547374 0 0.205391 -0.000499992 0.97868 0 -1.23903 0.162858 1.76987 1
0.97879 -0.00499772 -0.204805 0 0.00537924 0.999985 0.00130241 0 0.204795 -0.00237648 0.978802 0 -1.2361 0.172165 1.76909 1
0.999455 -0.00533325 -0.0325414 0 0.00537815 0.999984 0.00130251 0 0.032534 -0.001477 0.999469 0 0.0271306 0.165659 1.54865 1
0.95013 -0.0457173 -0.308484 0 0.0603751 0.997446 0.0381341 0 0.305953 -0.0548573 0.950465 0 -2.10687 0.597428 2.01736 1
0.978791 -0.00499827 -0.204804 0 0.00537942 0.999985 0.00130347 0 0.204794 -0.00237768 0.978802 0 -1.23609 0.172174 1.7691 1
0.906822 -0.375755 -0.191001 0 0.414908 0.875616 0.247278 0 0.0743274 -0.303486 0.949932 0 0.192168 2.31857 2.25217 1
0.941522 0.0242571 0.336075 0 -0.102491 0.970762 0.217063 0 -0.320984 -0.238815 0.916481 0 0.643925 2.49199 2.60995 1
0.941523 0.0242571 0.336075 0 -0.102491 0.970762 0.217063 0 -0.320984 -0.238815 0.916481 0 0.643922 2.492 2.60995 1
0.976972 0.197217 0.0814364 0 -0.209617 0.958395 0.19375 0 -0.039838 -0.206359 0.977665 0 -1.13303 2.14489 2.44381 1
0.976972 0.197217 0.0814359 0 -0.205978 0.772152 0.601127 0 0.0556712 -0.604058 0.794993 0 -1.50022 2.7081 5.48489 1
0.519143 0.826266 -0.218577 0 0.165865 0.15348 0.974132 0 0.83844 -0.541967 -0.0573705 0 -1.81137 -1.97838 11.4186 1
0.941523 0.024257 0.336074 0 -0.102491 0.970762 0.217064 0 -0.320983 -0.238815 0.916481 0 0.643924 2.492 2.60995 1
0.825093 0.245747 -0.508754 0 -0.308732 0.950235 -0.0416997 0 0.473187 0.191475 0.859902 0 -3.60456 0.347309 2.44142 1
0.97879 -0.00499839 -0.204806 0 0.00537851 0.999985 0.00130181 0 0.204796 -0.00237605 0.978801 0 -1.23611 0.172161 1.7691 1
0.960252 0.269347 -0.0732705 0 -0.278302 0.903539 -0.325833 0 -0.021559 0.333273 0.942584 0 0.785432 -2.20348 2.43144 1
0.913844 -0.0577217 0.401943 0 0.16913 0.954006 -0.247526 0 -0.369168 0.294179 0.881574 0 1.17719 -2.32899 2.75485 1
0.913845 -0.0577217 0.401943 0 0.169129 0.954006 -0.247526 0 -0.369168 0.29418 0.881574 0 1.17719 -2.32899 2.75485 1
0.913844 -0.0577223 0.401942 0 0.32878 0.686106 -0.648972 0 -0.238314 0.725209 0.645971 0 -0.209523 -2.76067 5.84564 1
0.939358 -0.0265548 0.341911 0 0.266126 0.685268 -0.677927 0 -0.216298 0.727806 0.650778 0 0.0221158 -2.80201 6.05622 1
0.955536 -0.0233517 0.293953 0 0.293675 -0.0146184 -0.955795 0 0.0266162 0.999621 -0.00711058 0 -1.13281 0.167008 10.3695 1
0.913844 -0.0577211 0.401943 0 0.16913 0.954006 -0.247526 0 -0.369169 0.29418 0.881574 0 1.17719 -2.32899 2.75486 1
0.913844 -0.0577217 0.401943 0 0.16913 0.954006 -0.247526 0 -0.369168 0.294181 0.881574 0 1.17719 -2.32899 2.75486 1
0.966293 7.45058e-07 -0.257438 0 -1.12131e-06 0.999999 -1.59442e-06 0 0.257439 -2.70084e-07 0.966293 0 -1.38914 0.160417 1.81624 1
0.89354 0.0792864 0.441923 0 -0.0577644 0.996403 -0.0619761 0 -0.445247 0.0298491 0.894906 0 0.657258 0.0561823 1.86361 1
0.930719 -0.0382128 -0.363716 0 -0.0582552 0.966333 -0.250598 0 0.36105 0.254421 0.897165 0 0.762609 0.14872 2.26217 1
0.996457 0.083427 -0.010063 0 -0.0834451 0.968224 -0.235739 0 -0.00992239 0.23574 0.971761 0 -0.472113 0.0918323 2.52687 1
0.995716 0.0916055 -0.0120467 0 -0.0918566 0.967391 -0.236031 0 -0.00996644 0.236123 0.971667 0 -0.477198 0.0860252 2.52794 1
0.966294 5.66244e-07 -0.257441 0 -3.27826e-07 0.999999 2.83122e-07 0 0.257441 -2.0303e-07 0.966293 0 -1.38915 0.160416 1.81624 1
0.899778 -0.0480204 0.433696 0 0.0303875 0.998407 0.0475027 0 -0.435286 -0.0295633 0.899805 0 0.619715 0.247618 1.98635 1
0.929722 0.0262012 -0.367316 0 0.0367987 0.985857 0.163465 0 0.366405 -0.165493 0.915617 0 0.777739 0.185851 2.34303 1
0.998786 -0.0490829 -0.00262561 0 0.0489045 0.986941 0.153436 0 -0.00493929 -0.153377 0.988154 0 -0.434577 0.215646 2.63038 1
0.99843 -0.0558138 -0.00339319 0 0.0556709 0.986509 0.153906 0 -0.00524251 -0.153853 0.988079 0 -0.439917 0.220452 2.6305 1
0.966294 -1.3411e-07 -0.25744 0 1.3411e-07 1 -2.29105e-07 0 0.25744 1.93715e-07 0.966294 0 -1.38914 0.160415 1.81811 1
0.978806 -0.0068584 -0.204675 0 0.00685186 0.999976 -0.000741057 0 0.204675 -0.000677052 0.97883 0 -1.23697 0.163728 1.77116 1
0.979206 -0.00679376 -0.202753 0 0.00730581 0.999971 0.00177335 0 0.202736 -0.00321775 0.979228 0 -1.22744 0.176329 1.76864 1
0.999509 -0.00724778 -0.0304473 0 0.00730471 0.99997 0.00177343 0 0.0304338 -0.00199519 0.999534 0 0.0362316 0.167486 1.55085 1
0.950562 -0.046389 -0.307048 0 0.0610084 0.997406 0.0381827 0 0.30448 -0.0550277 0.950927 0 -2.1028 0.596144 2.01664 1
0.979207 -0.00679433 -0.202753 0 0.00730604 0.999972 0.00177426 0 0.202735 -0.00321886 0.979228 0 -1.22743 0.176337 1.76865 1
0.904572 -0.380432 -0.192404 0 0.419585 0.874358 0.243815 0 0.0754744 -0.301279 0.950544 0 0.180649 2.29934 2.24658 1
0.939592 0.027475 0.34119 0 -0.105398 0.971565 0.212016 0 -0.325663 -0.235169 0.915772 0 0.639106 2.47591 2.60968 1
0.939593 0.027475 0.341189 0 -0.105398 0.971566 0.212016 0 -0.325663 -0.235169 0.915773 0 0.639102 2.47592 2.60969 1
0.976156 0.199325 0.0859575 0 -0.212371 0.958901 0.188165 0 -0.0449192 -0.201933 0.978368 0 -1.13629 2.12489 2.43527 1
0.976156 0.199325 0.085957 0 -0.210674 0.77454 0.596409 0 0.052302 -0.600297 0.798064 0 -1.52139 2.70142 5.47164 1
0.518903 0.826173 -0.219491 0 0.160169 0.158251 0.974322 0 0.839694 -0.540734 -0.0502107 0 -1.85736 -1.95828 11.4251 1
0.939593 0.0274749 0.341189 0 -0.105398 0.971566 0.212016 0 -0.325662 -0.235169 0.915772 0 0.639104 2.47592 2.60969 1
0.827481 0.244872 -0.505285 0 -0.310159 0.949483 -0.0477926 0 0.468056 0.196266 0.861628 0 -3.60461 0.322927 2.42742 1
0.979206 -0.00679445 -0.202754 0 0.00730507 0.999972 0.00177275 0 0.202737 -0.00321733 0.979227 0 -1.22745 0.176325 1.76865 1
0.960444 0.268802 -0.0727485 0 -0.277607 0.903629 -0.326174 0 -0.0219379 0.333468 0.942506 0 0.78341 -2.20723 2.43597 1
0.9146 -0.0565118 0.400393 0 0.167741 0.953993 -0.248516 0 -0.367927 0.294454 0.882001 0 1.17353 -2.33191 2.75768 1
0.9146 -0.0565117 0.400393 0 0.16774 0.953994 -0.248515 0 -0.367928 0.294454 0.882001 0 1.17352 -2.33191 2.75768 1
0.9146 -0.0565123 0.400392 0 0.326961 0.68596 -0.650044 0 -0.237917 0.725441 0.645856 0 -0.207374 -2.76272 5.85119 1
0.939977 -0.0253632 0.340294 0 0.264258 0.685038 -0.678889 0 -0.215895 0.728065 0.650623 0 0.0246729 -2.80367 6.06141 1
0.956069 -0.0221789 0.292305 0 0.292025 -0.0150229 -0.956294 0 0.0256006 0.999642 -0.00788604 0 -1.12572 0.167341 10.3745 1
0.914599 -0.0565112 0.400393 0 0.167741 0.953993 -0.248516 0 -0.367928 0.294455 0.882001 0 1.17352 -2.33191 2.75769 1
0.9146 -0.0565117 0.400393 0 0.167741 0.953993 -0.248516 0 -0.367928 0.294455 0.882 0 1.17352 -2.33191 2.75769 1
0.966293 7.45058e-07 -0.257438 0 -1.12131e-06 0.999999 -1.59442e-06 0 0.257439 -2.70084e-07 0.966293 0 -1.38914 0.160417 1.81811 1
0.893766 0.0792237 0.441478 0 -0.0576927 0.996405 -0.0620129 0 -0.444804 0.0299534 0.895124 0 0.655954 0.0558879 1.8649 1
0.930897 -0.0380905 -0.363275 0 -0.0581941 0.966375 -0.250453 0 0.360603 0.254283 0.897384 0 0.761186 0.148292 2.26301 1
0.996462 0.0833699 -0.0100502 0 -0.083388 0.968263 -0.235597 0 -0.00990924 0.235598 0.971796 0 -0.47203 0.091386 2.52708 1
0.995721 0.0915532 -0.0120411 0 -0.0918058 0.96743 -0.235889 0 -0.00994611 0.235981 0.971702 0 -0.47709 0.0855762 2.52816 1
0.966294 5.66244e-07 -0.257441 0 -3.27826e-07 0.999999 2.83122e-07 0 0.257441 -2.0303e-07 0.966293 0 -1.38915 0.160416 1.81811 1
0.9 -0.0479781 0.433241 0 0.0303472 0.998408 0.0475231 0 -0.434831 -0.0296235 0.900024 0 0.618411 0.247794 1.98756 1
0.92991 0.0261195 -0.366847 0 0.0367583 0.985874 0.163373 0 0.365933 -0.165406 0.915822 0 0.776247 0.186116 2.34381 1
0.998788 -0.049052 -0.00262165 0 0.0488737 0.986957 0.153346 0 -0.00493428 -0.153288 0.988168 0 -0.434538 0.215934 2.63048 1
0.998432 -0.055785 -0.00338975 0 0.0556423 0.986525 0.153816 0 -0.00523664 -0.153763 0.988093 0 -0.439876 0.220745 2.6306 1
0.966294 -1.3411e-07 -0.25744 0 1.3411e-07 1 -2.29105e-07 0 0.25744 1.93715e-07 0.966294 0 -1.38914 0.160415 1.8198 1
0.978929 -0.00849904 -0.204027 0 0.00849093 0.999963 -0.00091546 0 0.204027 -0.000836205 0.978965 0 -1.2351 0.164512 1.77233 1
0.979576 -0.00842205 -0.200895 0 0.00904944 0.999956 0.00220103 0 0.200868 -0.00397406 0.97961 0 -1.21959 0.180076 1.76826 1
0.999551 -0.0089822 -0.0285509 0 0.00904834 0.999955 0.0022011 0 0.0285299 -0.00245866 0.99959 0 0.0444814 0.169113 1.55286 1
0.950951 -0.0469989 -0.305747 0 0.0615824 0.997369 0.0382241 0 0.303146 -0.0551781 0.951345 0 -2.09912 0.594968 2.01599 1
0.979577 -0.00842261 -0.200894 0 0.00904965 0.999957 0.00220206 0 0.200867 -0.0039752 0.97961 0 -1.21958 0.180084 1.76826 1
0.902511 -0.384663 -0.193666 0 0.423812 0.873188 0.240678 0 0.076527 -0.299294 0.951087 0 0.170102 2.28201 2.24158 1
0.937825 0.0304267 0.345772 0 -0.10802 0.972268 0.207424 0 -0.329872 -0.231878 0.915105 0 0.634614 2.46145 2.6095 1
0.937826 0.0304267 0.345771 0 -0.108021 0.972269 0.207424 0 -0.329872 -0.231878 0.915106 0 0.63461 2.46146 2.6095 1
0.975392 0.20127 0.0900104 0 -0.214852 0.959331 0.183091 0 -0.0494992 -0.197924 0.978966 0 -1.13932 2.10682 2.42767 1
0.975392 0.20127 0.0900098 0 -0.214906 0.776677 0.592105 0 0.0492647 -0.596878 0.800817 0 -1.54056 2.69538 5.45964 1
0.51867 0.826095 -0.22034 0 0.155028 0.162573 0.974442 0 0.840803 -0.539572 -0.0437462 0 -1.89889 -1.94 11.4308 1
0.937826 0.0304265 0.345771 0 -0.10802 0.972269 0.207425 0 -0.329871 -0.231878 0.915105 0 0.634612 2.46146 2.60951 1
0.82961 0.244109 -0.502154 0 -0.311441 0.94877 -0.0533115 0 0.463415 0.200619 0.863133 0 -3.60467 0.300821 2.41499 1
0.979577 -0.00842273 -0.200896 0 0.00904866 0.999956 0.00220051 0 0.200869 -0.00397365 0.97961 0 -1.2196 0.180072 1.76826 1
0.960619 0.268307 -0.0722758 0 -0.276977 0.90371 -0.326485 0 -0.0222814 0.333647 0.942435 0 0.781573 -2.21063 2.44007 1
0.915281 -0.0554172 0.398988 0 0.166483 0.95398 -0.249412 0 -0.366804 0.294705 0.882385 0 1.17019 -2.33456 2.76024 1
0.915281 -0.0554172 0.398988 0 0.166483 0.95398 -0.249411 0 -0.366804 0.294706 0.882385 0 1.17019 -2.33456 2.76024 1
0.915281 -0.0554178 0.398987 0 0.325313 0.685825 -0.651013 0 -0.237557 0.725654 0.64575 0 -0.205436 -2.76457 5.85622 1
0.940535 -0.0242856 0.338828 0 0.262566 0.684827 -0.679758 0 -0.21553 0.7283 0.65048 0 0.0269787 -2.80517 6.06609 1
0.956549 -0.0211186 0.290811 0 0.290531 -0.015393 -0.956743 0 0.0246812 0.999659 -0.00858843 0 -1.11931 0.167662 10.379 1
0.91528 -0.0554166 0.398987 0 0.166484 0.95398 -0.249412 0 -0.366805 0.294707 0.882384 0 1.17019 -2.33456 2.76025 1
0.915281 -0.0554172 0.398988 0 0.166484 0.95398 -0.249412 0 -0.366805 0.294707 0.882384 0 1.17019 -2.33456 2.76025 1
0.966293 7.45058e-07 -0.257438 0 -1.12131e-06 0.999999 -1.59442e-06 0 0.257439 -2.70084e-07 0.966293 0 -1.38914 0.160417 1.8198 1
0.89397 0.0791669 0.441074 0 -0.0576278 0.996407 -0.062046 0 -0.444402 0.0300475 0.895321 0 0.654772 0.0556225 1.86607 1
0.931057 -0.0379798 -0.362877 0 -0.0581387 0.966413 -0.250321 0 0.360198 0.254157 0.897583 0 0.759897 0.147907 2.26376 1
0.996467 0.0833185 -0.010039 0 -0.0833365 0.968299 -0.235468 0 -0.00989696 0.235469 0.971828 0 -0.471954 0.0909837 2.52728 1
0.995725 0.091506 -0.0120365 0 -0.09176 0.967466 -0.235759 0 -0.00992734 0.235852 0.971734 0 -0.476993 0.0851715 2.52836 1
0.966294 5.66244e-07 -0.257441 0 -3.27826e-07 0.999999 2.83122e-07 0 0.257441 -2.0303e-07 0.966293 0 -1.38915 0.160416 1.8198 1
0.9002 -0.0479399 0.432829 0 0.0303108 0.998409 0.0475415 0 -0.434419 -0.0296778 0.900221 0 0.617231 0.247953 1.98866 1
0.930081 0.0260456 -0.366421 0 0.0367217 0.98589 0.163289 0 0.365504 -0.165327 0.916008 0 0.774896 0.186355 2.34453 1
0.99879 -0.0490241 -0.00261834 0 0.0488459 0.986972 0.153264 0 -0.00492966 -0.153207 0.988181 0 -0.434503 0.216193 2.63058 1
0.998434 -0.0557591 -0.00338679 0 0.0556166 0.986541 0.153733 0 -0.00523137 -0.153681 0.988106 0 -0.439839 0.221008 2.6307 1
0.966294 -1.3411e-07 -0.25744 0 1.3411e-07 1 -2.29105e-07 0 0.25744 1.93715e-07 0.966294 0 -1.38914 0.160415 1.82148 1
0.979048 -0.0101299 -0.203381 0 0.0101203 0.999948 -0.00108769 0 0.203382 -0.000993379 0.979099 0 -1.23324 0.165288 1.7735 1
0.979939 -0.0100418 -0.199046 0 0.0107812 0.999938 0.00262769 0 0.199008 -0.00472093 0.979987 0 -1.21176 0.183778 1.76789 1
0.999586 -0.0107067 -0.026665 0 0.0107801 0.999937 0.00262774 0 0.0266353 -0.00291433 0.999641 0 0.0526905 0.170707 1.55488 1
0.951337 -0.0476063 -0.304452 0 0.0621528 0.997332 0.0382631 0 0.301818 -0.0553237 0.951759 0 -2.09546 0.593787 2.01534 1
0.979939 -0.0100424 -0.199046 0 0.0107815 0.999938 0.00262871 0 0.199007 -0.00472204 0.979986 0 -1.21176 0.183786 1.7679 1
0.90044 -0.388864 -0.194915 0 0.428005 0.871996 0.237559 0 0.077587 -0.297333 0.951616 0 0.159506 2.26486 2.23668 1
0.936049 0.0333981 0.350282 0 -0.11062 0.972943 0.20284 0 -0.33403 -0.228616 0.914417 0 0.630025 2.44716 2.60937 1
0.936049 0.0333982 0.350281 0 -0.11062 0.972944 0.202839 0 -0.33403 -0.228615 0.914418 0 0.630021 2.44717 2.60937 1
0.974607 0.203239 0.0940011 0 -0.217308 0.95973 0.178032 0 -0.0540328 -0.193937 0.979524 0 -1.14241 2.08888 2.42023 1
0.974607 0.203239 0.0940006 0 -0.219095 0.778776 0.587797 0 0.0462584 -0.593466 0.803528 0 -1.55963 2.68937 5.4477 1
0.518419 0.826021 -0.221205 0 0.149931 0.166873 0.974513 0 0.841881 -0.538371 -0.0373366 0 -1.94007 -1.92175 11.4362 1
0.93605 0.0333981 0.350281 0 -0.11062 0.972944 0.20284 0 -0.334029 -0.228616 0.914417 0 0.630023 2.44717 2.60937 1
0.831694 0.24338 -0.499051 0 -0.312707 0.948029 -0.0588003 0 0.458804 0.204961 0.864575 0 -3.60475 0.278806 2.40286 1
0.979939 -0.0100424 -0.199047 0 0.0107805 0.999938 0.00262708 0 0.199009 -0.00472048 0.979986 0 -1.21177 0.183774 1.7679 1
0.960791 0.267816 -0.0718058 0 -0.276351 0.90379 -0.326796 0 -0.0226232 0.333826 0.942363 0 0.779738 -2.214 2.44414 1
0.915954 -0.0543285 0.397588 0 0.165232 0.953964 -0.250302 0 -0.365686 0.294959 0.882764 0 1.16687 -2.33719 2.76279 1
0.915955 -0.0543285 0.397588 0 0.165231 0.953964 -0.250302 0 -0.365687 0.294959 0.882764 0 1.16687 -2.3372 2.76279 1
0.915954 -0.0543291 0.397588 0 0.323674 0.685686 -0.651974 0 -0.237199 0.725867 0.645642 0 -0.203514 -2.7664 5.8612 1
0.941086 -0.0232139 0.337369 0 0.260882 0.684613 -0.680621 0 -0.215167 0.728536 0.650336 0 0.0292658 -2.80664 6.07074 1
0.957022 -0.0200644 0.289325 0 0.289044 -0.0157646 -0.957187 0 0.0237659 0.999675 -0.00928715 0 -1.11294 0.168003 10.3835 1
0.915954 -0.0543279 0.397588 0 0.165232 0.953964 -0.250303 0 -0.365687 0.29496 0.882764 0 1.16687 -2.3372 2.7628 1
0.915954 -0.0543284 0.397589 0 0.165232 0.953964 -0.250302 0 -0.365687 0.29496 0.882763 0 1.16687 -2.33719 2.7628 1
0.966293 7.46921e-07 -0.257438 0 -1.08965e-06 0.999999 -1.47708e-06 0 0.257439 -2.71946e-07 0.966293 0 -1.38914 0.160417 1.82148 1
0.894173 0.0791105 0.440673 0 -0.0575634 0.996409 -0.0620788 0 -0.444002 0.030141 0.895516 0 0.653598 0.0553587 1.86723 1
0.931217 -0.0378704 -0.362481 0 -0.0580832 0.966451 -0.25019 0 0.359796 0.254033 0.89778 0 0.758615 0.147524 2.26451 1
0.996472 0.083267 -0.010028 0 -0.0832848 0.968336 -0.235339 0 -0.00988472 0.235341 0.97186 0 -0.47188 0.0905855 2.52747 1
0.995731 0.0914588 -0.0120319 0 -0.091714 0.967503 -0.23563 0 -0.00990874 0.235725 0.971766 0 -0.476897 0.0847709 2.52856 1
0.966294 5.66244e-07 -0.257441 0 -3.27826e-07 0.999999 2.83122e-07 0 0.257441 -2.0303e-07 0.966293 0 -1.38915 0.160416 1.82148 1
0.900399 -0.0479018 0.432419 0 0.0302747 0.998409 0.0475597 0 -0.43401 -0.0297318 0.900418 0 0.616058 0.248111 1.98975 1
0.930251 0.0259725 -0.365999 0 0.0366852 0.985907 0.163206 0 0.365079 -0.165249 0.916192 0 0.773552 0.186591 2.34523 1
0.998793 -0.0489962 -0.00261503 0 0.048818 0.986988 0.153183 0 -0.00492525 -0.153126 0.988194 0 -0.434469 0.216449 2.63068 1
0.998438 -0.0557331 -0.00338389 0 0.0555907 0.986557 0.153652 0 -0.00522619 -0.1536 0.988119 0 -0.439804 0.221269 2.6308 1
0.966294 -1.3411e-07 -0.25744 0 1.3411e-07 1 -2.29105e-07 0 0.25744 1.93715e-07 0.966294 0 -1.38914 0.160415 1.82312 1
0.979161 -0.0117232 -0.20275 0 0.0117121 0.999931 -0.00125492 0 0.202751 -0.00114586 0.97923 0 -1.23142 0.166043 1.77464 1
0.980286 -0.0116251 -0.19724 0 0.0124715 0.999917 0.00304568 0 0.197188 -0.00544553 0.980351 0 -1.20411 0.187372 1.76755 1
0.999614 -0.0123914 -0.0248225 0 0.0124704 0.999916 0.00304575 0 0.0247828 -0.00335434 0.999687 0 0.0607164 0.172241 1.55687 1
0.951711 -0.0482006 -0.303186 0 0.0627099 0.997296 0.0382989 0 0.30052 -0.0554623 0.952161 0 -2.09188 0.59262 2.01471 1
0.980287 -0.0116257 -0.197239 0 0.0124717 0.999918 0.00304672 0 0.197187 -0.00544666 0.98035 0 -1.2041 0.18738 1.76755 1
0.898394 -0.392964 -0.196129 0 0.432093 0.870804 0.234512 0 0.0786348 -0.295431 0.952122 0 0.149053 2.24819 2.23195 1
0.934296 0.036335 0.354644 0 -0.113151 0.97358 0.198343 0 -0.338067 -0.225439 0.913722 0 0.625428 2.43331 2.60928 1
0.934297 0.036335 0.354643 0 -0.113151 0.97358 0.198343 0 -0.338067 -0.225439 0.913723 0 0.625424 2.43331 2.60929 1
0.973817 0.205196 0.0978619 0 -0.219697 0.960093 0.173076 0 -0.0584421 -0.190043 0.980035 0 -1.1455 2.07139 2.41308 1
0.973818 0.205196 0.0978614 0 -0.223169 0.780803 0.583562 0 0.0433342 -0.590121 0.80615 0 -1.57826 2.6835 5.43604 1
0.518159 0.825953 -0.222068 0 0.144967 0.171073 0.974536 0 0.842911 -0.537156 -0.0310934 0 -1.98019 -1.90387 11.4414 1
0.934297 0.036335 0.354643 0 -0.113151 0.97358 0.198344 0 -0.338066 -0.225439 0.913723 0 0.625426 2.43331 2.60929 1
0.833699 0.242695 -0.49603 0 -0.313934 0.947276 -0.0641626 0 0.454305 0.209213 0.865932 0 -3.60483 0.257281 2.39122 1
0.980287 -0.0116258 -0.19724 0 0.0124708 0.999918 0.00304509 0 0.197189 -0.0054451 0.98035 0 -1.20411 0.187368 1.76755 1
0.960959 0.267335 -0.0713466 0 -0.275738 0.903867 -0.327101 0 -0.0229573 0.334003 0.942292 0 0.777939 -2.21731 2.44812 1
0.916609 -0.0532659 0.39622 0 0.164009 0.953947 -0.251172 0 -0.364594 0.295209 0.883132 0 1.16362 -2.33977 2.76529 1
0.91661 -0.0532658 0.39622 0 0.164009 0.953947 -0.251171 0 -0.364594 0.295209 0.883132 0 1.16361 -2.33978 2.76529 1
0.91661 -0.0532664 0.39622 0 0.322072 0.685548 -0.652912 0 -0.236849 0.726076 0.645535 0 -0.201646 -2.76817 5.86607 1
0.941622 -0.0221681 0.335942 0 0.259238 0.684401 -0.681462 0 -0.214813 0.728768 0.650194 0 0.0314895 -2.80808 6.07527 1
0.957481 -0.0190356 0.287872 0 0.287593 -0.0161303 -0.957618 0 0.0228721 0.99969 -0.00996962 0 -1.10674 0.168353 10.3879 1
0.916609 -0.0532653 0.39622 0 0.16401 0.953947 -0.251172 0 -0.364595 0.29521 0.883132 0 1.16362 -2.33978 2.7653 1
0.916609 -0.0532659 0.396221 0 0.164009 0.953947 -0.251172 0 -0.364594 0.29521 0.883132 0 1.16362 -2.33977 2.7653 1
0.966293 7.45058e-07 -0.257438 0 -1.12131e-06 0.999999 -1.59442e-06 0 0.257439 -2.70084e-07 0.966293 0 -1.38914 0.160417 1.82313 1
0.894371 0.0790552 0.440282 0 -0.0575004 0.996411 -0.062111 0 -0.443611 0.0302323 0.895707 0 0.65245 0.0551015 1.86836 1
0.931374 -0.0377638 -0.362094 0 -0.0580287 0.966489 -0.250062 0 0.359404 0.253911 0.897973 0 0.757363 0.147152 2.26525 1
0.996478 0.0832165 -0.0100175 0 -0.0832341 0.968372 -0.235213 0 -0.00987265 0.235217 0.971891 0 -0.471808 0.0901983 2.52766 1
0.995737 0.0914126 -0.0120279 0 -0.0916689 0.967539 -0.235504 0 -0.00989032 0.235601 0.971797 0 -0.476803 0.0843812 2.52876 1
0.966294 5.66244e-07 -0.257441 0 -3.27826e-07 0.999999 2.83122e-07 0 0.257441 -2.0303e-07 0.966293 0 -1.38915 0.160416 1.82313 1
0.900594 -0.0478647 0.432019 0 0.0302394 0.99841 0.0475776 0 -0.43361 -0.0297845 0.900609 0 0.614911 0.248266 1.99081 1
0.930418 0.0259013 -0.365586 0 0.0366495 0.985925 0.163125 0 0.364664 -0.165173 0.916372 0 0.772239 0.186821 2.34593 1
0.998798 -0.0489689 -0.00261173 0 0.0487908 0.987005 0.153104 0 -0.00492066 -0.153048 0.988207 0 -0.434436 0.216698 2.63077 1
0.998442 -0.0557077 -0.00338098 0 0.0555654 0.986575 0.153572 0 -0.00522092 -0.153521 0.988132 0 -0.439769 0.221522 2.63089 1
