StaticObjectCount: 5

MainCamera : { Position: ( 22.24 7 -10.48 )
Rotation : ( 0 -0.6979001 0 0.7161952 )
Scale: ( 1 1 1 )}


crawler : { Position: ( -3.212105 -9.230183E-18 -19.69 )
Rotation : ( 0 0 0 1 )
Scale: ( 1 1 1 )}


crawler : { Position: ( -3.212105 -9.230183E-18 0.4156905 )
Rotation : ( 0 0 0 1 )
Scale: ( 1 1 1 )}


Cube : { Position: ( 6.22 -0.45 0.3 )
Rotation : ( 0 0 0 1 )
Scale: ( 1 1 1 )}


Cube : { Position: ( 6.22 -0.45 -18.6 )
Rotation : ( 0 0 0 1 )
Scale: ( 1 1 1 )}


