614
0.996915 -0.0343196 0.070585 0 0.0335863 0.99937 0.0115506 0 -0.0709368 -0.00914428 0.99744 0 -0.981908 -0.0659924 1.57609 1
0.998462 -0.0330641 -0.0445192 0 0.0336067 0.99937 0.0114942 0 0.0441111 -0.0129726 0.998943 0 -1.31939 -0.0550155 1.59396 1
0.754859 -0.100576 -0.64813 0 0.0352641 0.992968 -0.113017 0 0.654939 0.0624564 0.753098 0 -4.28665 -0.41119 2.98023 1
0.8567 -0.0882667 -0.508206 0 0.0352631 0.992967 -0.113016 0 0.514608 0.0789003 0.853789 0 -3.29109 -0.537406 2.18191 1
0.963043 -0.0639789 -0.261637 0 0.0352626 0.992967 -0.113016 0 0.267029 0.0996137 0.958527 0 -1.37805 -0.707563 1.28383 1
0.75486 -0.100576 -0.64813 0 0.0352647 0.992969 -0.113016 0 0.654938 0.0624554 0.753098 0 -4.28665 -0.411183 2.98023 1
0.455388 -0.0736924 -0.887238 0 0.596744 0.76483 0.242762 0 0.660696 -0.640006 0.392269 0 -3.6577 4.51633 6.077 1
0.551647 -0.0483706 -0.832674 0 0.552376 0.769201 0.321266 0 0.624954 -0.637175 0.451046 0 -3.56009 4.52869 6.04634 1
0.551647 -0.0483702 -0.832675 0 0.552376 0.769202 0.321267 0 0.624954 -0.637175 0.451047 0 -3.56009 4.5287 6.04635 1
0.4066 0.220059 -0.886708 0 0.498869 0.759614 0.417274 0 0.76538 -0.612015 0.199079 0 -4.3108 4.14667 7.6576 1
0.4066 0.220059 -0.886708 0 0.782956 0.416219 0.462321 0 0.470802 -0.882235 -0.00306299 0 -1.51135 3.30529 8.73248 1
0.274986 0.878048 -0.391684 0 0.960272 -0.270969 0.0667344 0 -0.0475377 -0.394475 -0.917677 0 1.74095 -3.49753 9.37574 1
0.551647 -0.0483701 -0.832675 0 0.552376 0.769201 0.321266 0 0.624954 -0.637175 0.451045 0 -3.56008 4.5287 6.04635 1
-0.132007 0.507153 -0.851688 0 0.262878 0.846354 0.463232 0 0.955756 -0.16274 -0.245043 0 -5.68056 2.33592 9.70327 1
0.754859 -0.100577 -0.648131 0 0.0352631 0.992968 -0.113017 0 0.654939 0.0624567 0.753097 0 -4.28666 -0.411194 2.98023 1
0.99191 0.10478 0.0716638 0 -0.0182606 0.676432 -0.736281 0 -0.125623 0.729015 0.672872 0 1.45268 -4.91435 4.24872 1
0.22018 -0.0535368 0.973991 0 0.69776 0.706396 -0.118907 0 -0.681656 0.70579 0.19289 0 1.71189 -4.96995 5.29881 1
0.22018 -0.0535369 0.973992 0 0.697759 0.706396 -0.118908 0 -0.681656 0.705791 0.192889 0 1.71189 -4.96996 5.29881 1
0.22018 -0.0535376 0.973991 0 0.942741 0.268119 -0.198378 0 -0.250524 0.961897 0.109506 0 -1.39268 -3.77217 6.06646 1
0.289976 -0.0563774 0.955374 0 0.926434 0.266952 -0.265439 0 -0.240074 0.962059 0.129639 0 -1.42342 -3.76307 6.3806 1
0.333519 -0.0770406 0.939593 0 0.815892 -0.475745 -0.328618 0 0.472322 0.876204 -0.095814 0 -3.69467 0.919584 7.67185 1
0.22018 -0.0535363 0.973991 0 0.69776 0.706395 -0.118907 0 -0.681655 0.705791 0.192889 0 1.71188 -4.96995 5.29882 1
0.220179 -0.0535367 0.973992 0 0.69776 0.706395 -0.118907 0 -0.681655 0.705791 0.192889 0 1.71189 -4.96995 5.29882 1
0.996914 -0.0343197 0.0705849 0 0.0335865 0.999369 0.011549 0 -0.0709369 -0.0091447 0.997438 0 -0.981907 -0.0659911 1.5761 1
0.988025 0.00543098 0.154185 0 0.00344282 0.998355 -0.0572291 0 -0.154243 0.0570725 0.986382 0 -0.752964 -0.268567 1.55305 1
-0.179586 -0.0992232 -0.978725 0 -0.0373958 0.99487 -0.0939996 0 0.98303 0.0197207 -0.182377 0 0.153634 -0.209573 2.06947 1
-0.0396547 0.0287929 -0.9988 0 0.0222606 0.999364 0.0279244 0 0.998965 -0.0211246 -0.0402716 0 0.248429 -0.337509 2.61511 1
0.173376 0.10096 -0.979668 0 0.0218566 0.994094 0.106314 0 0.984612 -0.0398427 0.170144 0 0.0142889 -0.475344 3.48822 1
0.996915 -0.0343189 0.070584 0 0.0335857 0.999369 0.0115509 0 -0.070936 -0.0091447 0.997439 0 -0.981911 -0.0659913 1.57609 1
0.999071 -0.0263794 0.0340854 0 0.027312 0.999258 -0.0271962 0 -0.0333427 0.0281018 0.99905 0 -1.0878 -0.174991 1.5973 1
0.698398 -0.0570179 -0.713436 0 0.00152836 0.996939 -0.0781797 0 0.715708 0.0535108 0.696346 0 -0.740768 -0.151184 1.96875 1
0.936017 0.00765799 -0.351879 0 -0.0264379 0.998471 -0.0485974 0 0.350967 0.0547912 0.934784 0 -1.88438 -0.140268 2.7708 1
0.981748 0.0590952 0.180785 0 -0.0513392 0.997564 -0.0472851 0 -0.18314 0.0371408 0.982387 0 -4.01896 -0.258198 2.45158 1
0.996915 -0.0343196 0.070585 0 0.0335863 0.99937 0.0115506 0 -0.0709368 -0.00914428 0.99744 0 -0.981908 -0.0659924 1.57609 1
0.998462 -0.0330641 -0.0445192 0 0.0336067 0.99937 0.0114942 0 0.0441111 -0.0129726 0.998943 0 -1.31939 -0.0550155 1.59396 1
0.754859 -0.100576 -0.64813 0 0.0352641 0.992968 -0.113017 0 0.654939 0.0624564 0.753098 0 -4.28665 -0.41119 2.98023 1
0.8567 -0.0882667 -0.508206 0 0.0352631 0.992967 -0.113016 0 0.514608 0.0789003 0.853789 0 -3.29109 -0.537406 2.18191 1
0.963043 -0.0639789 -0.261637 0 0.0352626 0.992967 -0.113016 0 0.267029 0.0996137 0.958527 0 -1.37805 -0.707563 1.28383 1
0.75486 -0.100576 -0.64813 0 0.0352647 0.992969 -0.113016 0 0.654938 0.0624554 0.753098 0 -4.28665 -0.411183 2.98023 1
0.455388 -0.0736924 -0.887238 0 0.596744 0.76483 0.242762 0 0.660696 -0.640006 0.392269 0 -3.6577 4.51633 6.077 1
0.551647 -0.0483706 -0.832674 0 0.552376 0.769201 0.321266 0 0.624954 -0.637175 0.451046 0 -3.56009 4.52869 6.04634 1
0.551647 -0.0483702 -0.832675 0 0.552376 0.769202 0.321267 0 0.624954 -0.637175 0.451047 0 -3.56009 4.5287 6.04635 1
0.4066 0.220059 -0.886708 0 0.498869 0.759614 0.417274 0 0.76538 -0.612015 0.199079 0 -4.3108 4.14667 7.6576 1
0.4066 0.220059 -0.886708 0 0.782956 0.416219 0.462321 0 0.470802 -0.882235 -0.00306299 0 -1.51135 3.30529 8.73248 1
0.274986 0.878048 -0.391684 0 0.960272 -0.270969 0.0667344 0 -0.0475377 -0.394475 -0.917677 0 1.74095 -3.49753 9.37574 1
0.551647 -0.0483701 -0.832675 0 0.552376 0.769201 0.321266 0 0.624954 -0.637175 0.451045 0 -3.56008 4.5287 6.04635 1
-0.132007 0.507153 -0.851688 0 0.262878 0.846354 0.463232 0 0.955756 -0.16274 -0.245043 0 -5.68056 2.33592 9.70327 1
0.754859 -0.100577 -0.648131 0 0.0352631 0.992968 -0.113017 0 0.654939 0.0624567 0.753097 0 -4.28666 -0.411194 2.98023 1
0.99191 0.10478 0.0716638 0 -0.0182606 0.676432 -0.736281 0 -0.125623 0.729015 0.672872 0 1.45268 -4.91435 4.24872 1
0.22018 -0.0535368 0.973991 0 0.69776 0.706396 -0.118907 0 -0.681656 0.70579 0.19289 0 1.71189 -4.96995 5.29881 1
0.22018 -0.0535369 0.973992 0 0.697759 0.706396 -0.118908 0 -0.681656 0.705791 0.192889 0 1.71189 -4.96996 5.29881 1
0.22018 -0.0535376 0.973991 0 0.942741 0.268119 -0.198378 0 -0.250524 0.961897 0.109506 0 -1.39268 -3.77217 6.06646 1
0.289976 -0.0563774 0.955374 0 0.926434 0.266952 -0.265439 0 -0.240074 0.962059 0.129639 0 -1.42342 -3.76307 6.3806 1
0.333519 -0.0770406 0.939593 0 0.815892 -0.475745 -0.328618 0 0.472322 0.876204 -0.095814 0 -3.69467 0.919584 7.67185 1
0.22018 -0.0535363 0.973991 0 0.69776 0.706395 -0.118907 0 -0.681655 0.705791 0.192889 0 1.71188 -4.96995 5.29882 1
0.220179 -0.0535367 0.973992 0 0.69776 0.706395 -0.118907 0 -0.681655 0.705791 0.192889 0 1.71189 -4.96995 5.29882 1
0.996914 -0.0343197 0.0705849 0 0.0335865 0.999369 0.011549 0 -0.0709369 -0.0091447 0.997438 0 -0.981907 -0.0659911 1.5761 1
0.988025 0.00543098 0.154185 0 0.00344282 0.998355 -0.0572291 0 -0.154243 0.0570725 0.986382 0 -0.752964 -0.268567 1.55305 1
-0.179586 -0.0992232 -0.978725 0 -0.0373958 0.99487 -0.0939996 0 0.98303 0.0197207 -0.182377 0 0.153634 -0.209573 2.06947 1
-0.0396547 0.0287929 -0.9988 0 0.0222606 0.999364 0.0279244 0 0.998965 -0.0211246 -0.0402716 0 0.248429 -0.337509 2.61511 1
0.173376 0.10096 -0.979668 0 0.0218566 0.994094 0.106314 0 0.984612 -0.0398427 0.170144 0 0.0142889 -0.475344 3.48822 1
0.996915 -0.0343189 0.070584 0 0.0335857 0.999369 0.0115509 0 -0.070936 -0.0091447 0.997439 0 -0.981911 -0.0659913 1.57609 1
0.999071 -0.0263794 0.0340854 0 0.027312 0.999258 -0.0271962 0 -0.0333427 0.0281018 0.99905 0 -1.0878 -0.174991 1.5973 1
0.698398 -0.0570179 -0.713436 0 0.00152836 0.996939 -0.0781797 0 0.715708 0.0535108 0.696346 0 -0.740768 -0.151184 1.96875 1
0.936017 0.00765799 -0.351879 0 -0.0264379 0.998471 -0.0485974 0 0.350967 0.0547912 0.934784 0 -1.88438 -0.140268 2.7708 1
0.981748 0.0590952 0.180785 0 -0.0513392 0.997564 -0.0472851 0 -0.18314 0.0371408 0.982387 0 -4.01896 -0.258198 2.45158 1
0.996915 -0.0343196 0.070585 0 0.0335863 0.99937 0.0115506 0 -0.0709368 -0.00914428 0.99744 0 -0.981908 -0.0659924 1.57609 1
0.998462 -0.0330641 -0.0445192 0 0.0336067 0.99937 0.0114942 0 0.0441111 -0.0129726 0.998943 0 -1.31939 -0.0550155 1.59396 1
0.754859 -0.100576 -0.64813 0 0.0352641 0.992968 -0.113017 0 0.654939 0.0624564 0.753098 0 -4.28665 -0.41119 2.98023 1
0.8567 -0.0882667 -0.508206 0 0.0352631 0.992967 -0.113016 0 0.514608 0.0789003 0.853789 0 -3.29109 -0.537406 2.18191 1
0.963043 -0.0639789 -0.261637 0 0.0352626 0.992967 -0.113016 0 0.267029 0.0996137 0.958527 0 -1.37805 -0.707563 1.28383 1
0.75486 -0.100576 -0.64813 0 0.0352647 0.992969 -0.113016 0 0.654938 0.0624554 0.753098 0 -4.28665 -0.411183 2.98023 1
0.455388 -0.0736924 -0.887238 0 0.596744 0.76483 0.242762 0 0.660696 -0.640006 0.392269 0 -3.6577 4.51633 6.077 1
0.551647 -0.0483706 -0.832674 0 0.552376 0.769201 0.321266 0 0.624954 -0.637175 0.451046 0 -3.56009 4.52869 6.04634 1
0.551647 -0.0483702 -0.832675 0 0.552376 0.769202 0.321267 0 0.624954 -0.637175 0.451047 0 -3.56009 4.5287 6.04635 1
0.4066 0.220059 -0.886708 0 0.498869 0.759614 0.417274 0 0.76538 -0.612015 0.199079 0 -4.3108 4.14667 7.6576 1
0.4066 0.220059 -0.886708 0 0.782956 0.416219 0.462321 0 0.470802 -0.882235 -0.00306299 0 -1.51135 3.30529 8.73248 1
0.274986 0.878048 -0.391684 0 0.960272 -0.270969 0.0667344 0 -0.0475377 -0.394475 -0.917677 0 1.74095 -3.49753 9.37574 1
0.551647 -0.0483701 -0.832675 0 0.552376 0.769201 0.321266 0 0.624954 -0.637175 0.451045 0 -3.56008 4.5287 6.04635 1
-0.132007 0.507153 -0.851688 0 0.262878 0.846354 0.463232 0 0.955756 -0.16274 -0.245043 0 -5.68056 2.33592 9.70327 1
0.754859 -0.100577 -0.648131 0 0.0352631 0.992968 -0.113017 0 0.654939 0.0624567 0.753097 0 -4.28666 -0.411194 2.98023 1
0.99191 0.10478 0.0716638 0 -0.0182606 0.676432 -0.736281 0 -0.125623 0.729015 0.672872 0 1.45268 -4.91435 4.24872 1
0.22018 -0.0535368 0.973991 0 0.69776 0.706396 -0.118907 0 -0.681656 0.70579 0.19289 0 1.71189 -4.96995 5.29881 1
0.22018 -0.0535369 0.973992 0 0.697759 0.706396 -0.118908 0 -0.681656 0.705791 0.192889 0 1.71189 -4.96996 5.29881 1
0.22018 -0.0535376 0.973991 0 0.942741 0.268119 -0.198378 0 -0.250524 0.961897 0.109506 0 -1.39268 -3.77217 6.06646 1
0.289976 -0.0563774 0.955374 0 0.926434 0.266952 -0.265439 0 -0.240074 0.962059 0.129639 0 -1.42342 -3.76307 6.3806 1
0.333519 -0.0770406 0.939593 0 0.815892 -0.475745 -0.328618 0 0.472322 0.876204 -0.095814 0 -3.69467 0.919584 7.67185 1
0.22018 -0.0535363 0.973991 0 0.69776 0.706395 -0.118907 0 -0.681655 0.705791 0.192889 0 1.71188 -4.96995 5.29882 1
0.220179 -0.0535367 0.973992 0 0.69776 0.706395 -0.118907 0 -0.681655 0.705791 0.192889 0 1.71189 -4.96995 5.29882 1
0.996914 -0.0343197 0.0705849 0 0.0335865 0.999369 0.011549 0 -0.0709369 -0.0091447 0.997438 0 -0.981907 -0.0659911 1.5761 1
0.988025 0.00543098 0.154185 0 0.00344282 0.998355 -0.0572291 0 -0.154243 0.0570725 0.986382 0 -0.752964 -0.268567 1.55305 1
-0.179586 -0.0992232 -0.978725 0 -0.0373958 0.99487 -0.0939996 0 0.98303 0.0197207 -0.182377 0 0.153634 -0.209573 2.06947 1
-0.0396547 0.0287929 -0.9988 0 0.0222606 0.999364 0.0279244 0 0.998965 -0.0211246 -0.0402716 0 0.248429 -0.337509 2.61511 1
0.173376 0.10096 -0.979668 0 0.0218566 0.994094 0.106314 0 0.984612 -0.0398427 0.170144 0 0.0142889 -0.475344 3.48822 1
0.996915 -0.0343189 0.070584 0 0.0335857 0.999369 0.0115509 0 -0.070936 -0.0091447 0.997439 0 -0.981911 -0.0659913 1.57609 1
0.999071 -0.0263794 0.0340854 0 0.027312 0.999258 -0.0271962 0 -0.0333427 0.0281018 0.99905 0 -1.0878 -0.174991 1.5973 1
0.698398 -0.0570179 -0.713436 0 0.00152836 0.996939 -0.0781797 0 0.715708 0.0535108 0.696346 0 -0.740768 -0.151184 1.96875 1
0.936017 0.00765799 -0.351879 0 -0.0264379 0.998471 -0.0485974 0 0.350967 0.0547912 0.934784 0 -1.88438 -0.140268 2.7708 1
0.981748 0.0590952 0.180785 0 -0.0513392 0.997564 -0.0472851 0 -0.18314 0.0371408 0.982387 0 -4.01896 -0.258198 2.45158 1
0.996915 -0.0343196 0.070585 0 0.0335863 0.99937 0.0115504 0 -0.0709368 -0.00914404 0.997439 0 -0.981908 -0.0659928 1.58558 1
0.998462 -0.0330555 -0.0445288 0 0.033611 0.999366 0.0117832 0 0.044111 -0.0132617 0.998939 0 -1.31939 -0.0541697 1.60346 1
0.754859 -0.100267 -0.648178 0 0.0352683 0.993022 -0.112539 0 0.654939 0.0620913 0.753128 0 -4.28665 -0.410048 2.98957 1
0.856699 -0.088026 -0.508248 0 0.0352674 0.993021 -0.112539 0 0.514608 0.0784873 0.853826 0 -3.29109 -0.535885 2.1912 1
0.963042 -0.0638335 -0.261674 0 0.0352669 0.993031 -0.112448 0 0.267029 0.0990639 0.958584 0 -1.37806 -0.704938 1.29296 1
0.754859 -0.100268 -0.648178 0 0.0352687 0.993022 -0.112539 0 0.654938 0.0620905 0.753128 0 -4.28665 -0.410043 2.98957 1
0.458793 -0.0722075 -0.885604 0 0.595059 0.765144 0.245888 0 0.659859 -0.639799 0.39401 0 -3.65397 4.51334 6.07637 1
0.553696 -0.0471641 -0.831382 0 0.550985 0.769342 0.323309 0 0.624369 -0.637094 0.451969 0 -3.55745 4.52567 6.04638 1
0.553696 -0.0471637 -0.831383 0 0.550985 0.769343 0.323309 0 0.624369 -0.637095 0.451969 0 -3.55745 4.52568 6.04639 1
0.408567 0.2212 -0.885519 0 0.497253 0.759624 0.419178 0 0.765384 -0.61159 0.200365 0 -4.31175 4.14156 7.65547 1
0.408566 0.2212 -0.885519 0 0.781505 0.416414 0.464595 0 0.47151 -0.881857 -0.0027371 0 -1.51424 3.30141 8.73634 1
0.275232 0.878626 -0.390209 0 0.960323 -0.270267 0.068806 0 -0.0450055 -0.393665 -0.918152 0 1.74191 -3.4994 9.38119 1
0.553695 -0.0471638 -0.831383 0 0.550985 0.769342 0.323308 0 0.624369 -0.637095 0.451968 0 -3.55744 4.52567 6.04639 1
-0.130352 0.507833 -0.851537 0 0.261084 0.846134 0.464644 0 0.956474 -0.161755 -0.242882 0 -5.685 2.32784 9.69615 1
0.754858 -0.100268 -0.648179 0 0.0352674 0.993022 -0.11254 0 0.654939 0.0620916 0.753126 0 -4.28666 -0.410052 2.98957 1
0.992198 0.105283 0.0667591 0 -0.0221455 0.675839 -0.736718 0 -0.122682 0.729491 0.672898 0 1.4361 -4.91857 4.26004 1
0.232513 -0.0516846 0.97122 0 0.69544 0.706934 -0.128871 0 -0.679927 0.705388 0.200315 0 1.70308 -4.97241 5.3024 1
0.232514 -0.0516847 0.97122 0 0.69544 0.706935 -0.128871 0 -0.679927 0.705388 0.200315 0 1.70307 -4.97241 5.3024 1
0.232514 -0.0516855 0.97122 0 0.939872 0.268786 -0.210705 0 -0.25016 0.961812 0.111074 0 -1.39284 -3.77664 6.10721 1
0.302072 -0.0544823 0.951728 0 0.92272 0.26749 -0.277553 0 -0.239456 0.962019 0.131073 0 -1.41963 -3.76705 6.4217 1
0.345435 -0.0751255 0.935433 0 0.812191 -0.475427 -0.338107 0 0.470129 0.876543 -0.103213 0 -3.67945 0.915338 7.73379 1
0.232513 -0.0516841 0.971219 0 0.69544 0.706934 -0.128871 0 -0.679927 0.705389 0.200314 0 1.70307 -4.97241 5.3024 1
0.232513 -0.0516845 0.97122 0 0.69544 0.706934 -0.128871 0 -0.679926 0.705389 0.200314 0 1.70307 -4.97241 5.30241 1
0.996914 -0.0343197 0.0705849 0 0.0335865 0.999369 0.0115487 0 -0.0709369 -0.00914446 0.997438 0 -0.981907 -0.0659916 1.58558 1
0.980394 0.00948998 0.196809 0 0.00205681 0.998292 -0.0583849 0 -0.197027 0.0576429 0.978701 0 -0.626534 -0.271014 1.57677 1
-0.140866 -0.101113 -0.984851 0 -0.0367298 0.994619 -0.0968637 0 0.989346 0.0225297 -0.143823 0 0.259487 -0.20796 2.13084 1
-0.0410218 0.0267381 -0.998801 0 0.0174879 0.999509 0.0260375 0 0.999004 -0.0163975 -0.0414701 0 0.329022 -0.329336 2.54652 1
0.189174 0.102954 -0.976532 0 0.0174135 0.993981 0.108166 0 0.981788 -0.037466 0.186242 0 0.0694585 -0.480054 3.48832 1
0.996915 -0.0343189 0.070584 0 0.0335857 0.999369 0.0115507 0 -0.0709359 -0.00914446 0.997439 0 -0.981911 -0.0659918 1.58558 1
0.999531 -0.0275647 0.0133941 0 0.0279121 0.99926 -0.0264926 0 -0.012654 0.026854 0.99956 0 -1.14884 -0.171348 1.60458 1
0.697225 -0.0557129 -0.714685 0 0.00254173 0.997161 -0.075254 0 0.716848 0.0506531 0.695387 0 -0.805561 -0.149396 1.96368 1
0.933847 0.0075822 -0.357598 0 -0.0254885 0.998646 -0.0453882 0 0.356768 0.0515006 0.932773 0 -1.93403 -0.140027 2.76157 1
0.982153 0.0577782 0.178995 0 -0.0506908 0.99775 -0.0439196 0 -0.18113 0.0340626 0.98287 0 -4.08582 -0.255948 2.44835 1
0.996915 -0.0343196 0.070585 0 0.0335863 0.99937 0.0115504 0 -0.0709368 -0.00914404 0.997439 0 -0.981908 -0.0659928 1.5967 1
0.998461 -0.0330457 -0.04454 0 0.0336163 0.999362 0.0121223 0 0.0441109 -0.0136009 0.998935 0 -1.31939 -0.0531774 1.6146 1
0.754858 -0.0999055 -0.648235 0 0.0352736 0.993085 -0.111979 0 0.654939 0.0616628 0.753163 0 -4.28665 -0.408709 3.00053 1
0.856699 -0.0877437 -0.508298 0 0.0352726 0.993084 -0.111978 0 0.514608 0.0780028 0.85387 0 -3.29109 -0.5341 2.20208 1
0.963042 -0.063663 -0.261717 0 0.0352724 0.993106 -0.111781 0 0.267029 0.0984188 0.95865 0 -1.37806 -0.701859 1.30367 1
0.754858 -0.0999061 -0.648235 0 0.0352738 0.993085 -0.111979 0 0.654938 0.0616622 0.753162 0 -4.28665 -0.408705 3.00052 1
0.462777 -0.0704654 -0.88367 0 0.593068 0.765504 0.249547 0 0.658868 -0.639562 0.396049 0 -3.64952 4.50987 6.07563 1
0.556094 -0.0457502 -0.829859 0 0.549348 0.769503 0.3257 0 0.623678 -0.637003 0.45305 0 -3.5543 4.52215 6.04644 1
0.556094 -0.0457498 -0.82986 0 0.549348 0.769504 0.3257 0 0.623679 -0.637003 0.45305 0 -3.5543 4.52216 6.04644 1
0.410869 0.222537 -0.884118 0 0.495355 0.759632 0.421406 0 0.765382 -0.611095 0.201875 0 -4.3128 4.1356 7.65296 1
0.410868 0.222537 -0.884117 0 0.779796 0.416637 0.467258 0 0.472337 -0.881415 -0.00235176 0 -1.51759 3.29689 8.74085 1
0.275518 0.879303 -0.388478 0 0.960376 -0.269449 0.0712373 0 -0.0420354 -0.392713 -0.9187 0 1.74306 -3.50159 9.3876 1
0.556094 -0.0457498 -0.82986 0 0.549349 0.769503 0.3257 0 0.623679 -0.637003 0.453049 0 -3.55429 4.52216 6.04644 1
-0.128411 0.508633 -0.851355 0 0.258977 0.845873 0.466296 0 0.957309 -0.160604 -0.240343 0 -5.69014 2.3184 9.68778 1
0.754858 -0.0999063 -0.648235 0 0.0352727 0.993085 -0.111979 0 0.654939 0.0616632 0.753161 0 -4.28666 -0.408713 3.00053 1
0.992506 0.105871 0.0610061 0 -0.0267048 0.675142 -0.737205 0 -0.119236 0.730051 0.67291 0 1.41668 -4.92352 4.27342 1
0.246927 -0.0495016 0.96777 0 0.69256 0.707542 -0.140517 0 -0.677781 0.704935 0.208994 0 1.69261 -4.97532 5.30662 1
0.246927 -0.0495017 0.96777 0 0.692559 0.707542 -0.140517 0 -0.677781 0.704935 0.208994 0 1.69261 -4.97532 5.30662 1
0.246927 -0.0495025 0.967769 0 0.936309 0.269538 -0.225113 0 -0.249707 0.961716 0.112906 0 -1.39257 -3.78181 6.15485 1
0.316193 -0.0522511 0.947255 0 0.918171 0.268091 -0.291697 0 -0.238709 0.961975 0.132744 0 -1.41472 -3.77164 6.46969 1
0.359336 -0.0728725 0.93036 0 0.807699 -0.47508 -0.349173 0 0.467439 0.876921 -0.111855 0 -3.6608 0.910494 7.80604 1
0.246927 -0.049501 0.967769 0 0.69256 0.707542 -0.140517 0 -0.677781 0.704936 0.208994 0 1.6926 -4.97532 5.30663 1
0.246927 -0.0495015 0.96777 0 0.69256 0.707542 -0.140517 0 -0.67778 0.704936 0.208994 0 1.6926 -4.97531 5.30663 1
0.996914 -0.0343197 0.0705849 0 0.0335865 0.999369 0.0115487 0 -0.0709369 -0.00914446 0.997438 0 -0.981907 -0.0659916 1.59671 1
0.969085 0.0142757 0.246306 0 0.000497412 0.998209 -0.0598144 0 -0.246718 0.0580857 0.967344 0 -0.479221 -0.273228 1.61153 1
-0.0951892 -0.103159 -0.990099 0 -0.0357923 0.994327 -0.100161 0 0.994814 0.0259043 -0.0983424 0 0.38065 -0.205449 2.20871 1
-0.0426075 0.0241084 -0.998801 0 0.0120011 0.999649 0.0236147 0 0.999018 -0.01098 -0.0428823 0 0.426796 -0.319842 2.47085 1
0.207619 0.105215 -0.972534 0 0.0122433 0.993842 0.110131 0 0.978131 -0.0347723 0.205052 0 0.136213 -0.485641 3.4927 1
0.996915 -0.0343189 0.070584 0 0.0335857 0.999369 0.0115507 0 -0.0709359 -0.00914446 0.997439 0 -0.981911 -0.0659918 1.59671 1
0.999523 -0.0289213 -0.0108763 0 0.0286338 0.99926 -0.0256831 0 0.0116115 0.0253592 0.999611 0 -1.22044 -0.166982 1.61474 1
0.695846 -0.0542481 -0.71614 0 0.00381036 0.997408 -0.0718524 0 0.718181 0.0472699 0.694249 0 -0.881911 -0.147145 1.95947 1
0.931258 0.00745766 -0.364285 0 -0.0242924 0.998837 -0.0416535 0 0.363551 0.0476397 0.930356 0 -1.99268 -0.139489 2.75233 1
0.982626 0.0561713 0.176893 0 -0.0498466 0.997956 -0.0399987 0 -0.178779 0.0304863 0.983418 0 -4.16463 -0.252888 2.44633 1
0.996915 -0.0343196 0.070585 0 0.0335863 0.99937 0.0115506 0 -0.0709368 -0.00914428 0.99744 0 -0.981908 -0.0659924 1.60799 1
0.998461 -0.0330357 -0.0445514 0 0.0336217 0.999358 0.0124664 0 0.0441109 -0.0139452 0.99893 0 -1.31939 -0.0521705 1.6259 1
0.754857 -0.0995384 -0.648292 0 0.035279 0.993149 -0.111411 0 0.654939 0.0612281 0.753198 0 -4.28666 -0.40735 3.01164 1
0.856698 -0.0874573 -0.508348 0 0.0352781 0.993148 -0.11141 0 0.514609 0.0775111 0.853915 0 -3.29109 -0.53229 2.21312 1
0.963042 -0.0634901 -0.26176 0 0.035278 0.993182 -0.111105 0 0.26703 0.0977644 0.958717 0 -1.37806 -0.698735 1.31452 1
0.754858 -0.0995391 -0.648292 0 0.0352792 0.993149 -0.11141 0 0.654939 0.0612275 0.753197 0 -4.28666 -0.407347 3.01164 1
0.466807 -0.0686977 -0.881687 0 0.591036 0.76586 0.253249 0 0.657851 -0.639328 0.398112 0 -3.64494 4.50638 6.07491 1
0.558521 -0.0443171 -0.828305 0 0.547683 0.769662 0.328121 0 0.622974 -0.636912 0.454145 0 -3.55104 4.51862 6.0465 1
0.558521 -0.0443168 -0.828306 0 0.547684 0.769663 0.328121 0 0.622974 -0.636913 0.454145 0 -3.55104 4.51862 6.0465 1
0.413199 0.223893 -0.882688 0 0.493424 0.759635 0.42366 0 0.765375 -0.610596 0.203407 0 -4.31379 4.12959 7.65041 1
0.413199 0.223893 -0.882688 0 0.778056 0.416857 0.469955 0 0.473174 -0.880967 -0.00195739 0 -1.52092 3.29231 8.74542 1
0.275805 0.879987 -0.386722 0 0.960421 -0.268624 0.0737048 0 -0.0390231 -0.391745 -0.919246 0 1.74426 -3.50381 9.3941 1
0.558521 -0.0443167 -0.828306 0 0.547684 0.769662 0.328121 0 0.622974 -0.636912 0.454144 0 -3.55103 4.51862 6.0465 1
-0.126442 0.509445 -0.851164 0 0.256837 0.845604 0.467964 0 0.958147 -0.15944 -0.237764 0 -5.69526 2.30887 9.67927 1
0.754857 -0.0995392 -0.648293 0 0.035278 0.993149 -0.111411 0 0.65494 0.0612284 0.753197 0 -4.28667 -0.407354 3.01164 1
0.992784 0.106465 0.0551689 0 -0.0313335 0.674433 -0.737672 0 -0.115743 0.73062 0.672902 0 1.39703 -4.92855 4.2871 1
0.261489 -0.0472758 0.964049 0 0.689462 0.708132 -0.152285 0 -0.675473 0.704495 0.217764 0 1.68185 -4.97828 5.31092 1
0.26149 -0.0472759 0.964049 0 0.689462 0.708133 -0.152285 0 -0.675473 0.704495 0.217764 0 1.68185 -4.97829 5.31091 1
0.26149 -0.0472766 0.964048 0 0.932477 0.270268 -0.239673 0 -0.24922 0.961623 0.114757 0 -1.39178 -3.78698 6.20303 1
0.330443 -0.0499789 0.942502 0 0.913344 0.268666 -0.305974 0 -0.237927 0.961935 0.134427 0 -1.40921 -3.77622 6.51814 1
0.373354 -0.0705794 0.925002 0 0.802977 -0.474755 -0.360328 0 0.464579 0.877285 -0.120579 0 -3.641 0.905731 7.87888 1
0.261489 -0.0472753 0.964048 0 0.689463 0.708132 -0.152285 0 -0.675473 0.704496 0.217763 0 1.68184 -4.97828 5.31092 1
0.261489 -0.0472756 0.964049 0 0.689462 0.708132 -0.152285 0 -0.675473 0.704496 0.217763 0 1.68184 -4.97828 5.31092 1
0.996914 -0.0343197 0.0705849 0 0.0335865 0.999369 0.011549 0 -0.0709369 -0.0091447 0.997438 0 -0.981907 -0.0659911 1.60799 1
0.955042 0.0191456 0.295846 0 -0.0010075 0.998116 -0.0613429 0 -0.296463 0.0582849 0.953263 0 -0.331228 -0.274748 1.65441 1
-0.0486604 -0.105044 -0.993275 0 -0.0346728 0.994032 -0.103428 0 0.998211 0.0294071 -0.0520128 0 0.499946 -0.202228 2.29403 1
-0.0441952 0.021205 -0.998797 0 0.00656704 0.999759 0.0209325 0 0.998999 -0.00563367 -0.0443241 0 0.529299 -0.310323 2.3995 1
0.226231 0.107421 -0.968131 0 0.00705269 0.993694 0.111903 0 0.974046 -0.0321442 0.224047 0 0.205931 -0.49135 3.50197 1
0.996915 -0.0343189 0.070584 0 0.0335857 0.999369 0.0115509 0 -0.070936 -0.0091447 0.997439 0 -0.981911 -0.0659913 1.60799 1
0.998912 -0.0302598 -0.0354865 0 0.029386 0.999259 -0.0248803 0 0.0362135 0.0238102 0.999061 0 -1.29307 -0.162456 1.62683 1
0.694444 -0.0528363 -0.717604 0 0.00518533 0.997642 -0.0684373 0 0.719528 0.0438054 0.693081 0 -0.959713 -0.144693 1.95711 1
0.928585 0.00729143 -0.371048 0 -0.0229884 0.999017 -0.0378997 0 0.370406 0.0437232 0.92784 0 -2.0526 -0.138667 2.74471 1
0.983103 0.0544734 0.174757 0 -0.0488982 0.998153 -0.0360525 0 -0.176398 0.0268983 0.983952 0 -4.24497 -0.249324 2.44623 1
0.996915 -0.0343196 0.070585 0 0.0335863 0.99937 0.0115506 0 -0.0709368 -0.00914428 0.99744 0 -0.981908 -0.0659924 1.61942 1
0.998461 -0.0330255 -0.044563 0 0.033627 0.999353 0.0128151 0 0.0441108 -0.0142939 0.998925 0 -1.31938 -0.0511503 1.63735 1
0.754857 -0.0991663 -0.648349 0 0.0352842 0.993213 -0.110834 0 0.654939 0.0607876 0.753233 0 -4.28666 -0.405974 3.0229 1
0.856698 -0.0871669 -0.508398 0 0.0352832 0.993212 -0.110834 0 0.514609 0.0770129 0.85396 0 -3.2911 -0.530455 2.22431 1
0.963041 -0.0633146 -0.261804 0 0.0352832 0.993258 -0.11042 0 0.26703 0.0971012 0.958784 0 -1.37806 -0.695569 1.32554 1
0.754857 -0.0991669 -0.64835 0 0.0352842 0.993213 -0.110834 0 0.654939 0.0607873 0.753232 0 -4.28666 -0.405972 3.0229 1
0.470881 -0.0669047 -0.879656 0 0.588958 0.766213 0.256994 0 0.656808 -0.639095 0.4002 0 -3.64023 4.50287 6.07418 1
0.560976 -0.0428653 -0.826722 0 0.545989 0.769818 0.330569 0 0.622255 -0.636823 0.455254 0 -3.54767 4.51506 6.04656 1
0.560975 -0.0428649 -0.826722 0 0.545989 0.769819 0.330569 0 0.622255 -0.636823 0.455254 0 -3.54767 4.51506 6.04657 1
0.415557 0.225267 -0.881231 0 0.491461 0.759633 0.425939 0 0.765361 -0.610092 0.204962 0 -4.31472 4.12352 7.64781 1
0.415556 0.225267 -0.881231 0 0.776283 0.417075 0.472684 0 0.474019 -0.880513 -0.0015533 0 -1.52426 3.28769 8.75003 1
0.27609 0.880678 -0.384941 0 0.960457 -0.267791 0.0762081 0 -0.0359683 -0.39076 -0.91979 0 1.74551 -3.50603 9.40071 1
0.560975 -0.0428648 -0.826722 0 0.545989 0.769818 0.330569 0 0.622255 -0.636823 0.455253 0 -3.54766 4.51506 6.04657 1
-0.124446 0.51027 -0.850964 0 0.254663 0.845328 0.469648 0 0.958988 -0.158263 -0.235145 0 -5.70036 2.29923 9.67061 1
0.754857 -0.099167 -0.64835 0 0.0352833 0.993213 -0.110835 0 0.65494 0.0607879 0.753232 0 -4.28667 -0.405978 3.0229 1
0.99303 0.107065 0.0492501 0 -0.03603 0.673711 -0.738117 0 -0.112206 0.731198 0.672873 0 1.37713 -4.93365 4.30108 1
0.276189 -0.0450073 0.960049 0 0.686141 0.708703 -0.164168 0 -0.673 0.704069 0.226618 0 1.67081 -4.98131 5.31529 1
0.27619 -0.0450073 0.96005 0 0.68614 0.708703 -0.164168 0 -0.673 0.704069 0.226617 0 1.6708 -4.98131 5.31529 1
0.27619 -0.0450081 0.960049 0 0.928368 0.270974 -0.254373 0 -0.2487 0.961533 0.116624 0 -1.39045 -3.79214 6.25171 1
0.344811 -0.0476657 0.937461 0 0.908231 0.269215 -0.320372 0 -0.237108 0.961899 0.136119 0 -1.4031 -3.78077 6.56702 1
0.387478 -0.0682466 0.919351 0 0.79802 -0.474453 -0.371561 0 0.461546 0.877632 -0.129379 0 -3.62003 0.901056 7.95226 1
0.276189 -0.0450067 0.960049 0 0.686141 0.708702 -0.164167 0 -0.673 0.70407 0.226617 0 1.6708 -4.98131 5.31529 1
0.276189 -0.0450071 0.96005 0 0.686141 0.708702 -0.164168 0 -0.672999 0.70407 0.226617 0 1.6708 -4.98131 5.31529 1
0.996914 -0.0343197 0.0705849 0 0.0335865 0.999369 0.011549 0 -0.0709369 -0.0091447 0.997438 0 -0.981907 -0.0659911 1.61943 1
0.938199 0.0240863 0.345252 0 -0.00245018 0.998013 -0.0629694 0 -0.346082 0.0582299 0.936394 0 -0.183061 -0.275538 1.7056 1
-0.00138681 -0.106757 -0.994283 0 -0.0333704 0.993736 -0.106654 0 0.99944 0.0330318 -0.0049412 0 0.616848 -0.198277 2.38686 1
-0.0457813 0.0180273 -0.998788 0 0.0012015 0.999837 0.0179885 0 0.998949 -0.000376307 -0.0457956 0 0.636343 -0.3008 2.33286 1
0.244998 0.109569 -0.963311 0 0.00185394 0.993538 0.113476 0 0.969519 -0.0295879 0.243213 0 0.278385 -0.497149 3.51644 1
0.996915 -0.0343189 0.070584 0 0.0335857 0.999369 0.0115509 0 -0.070936 -0.0091447 0.997439 0 -0.981911 -0.0659913 1.61943 1
0.997674 -0.0315771 -0.0604131 0 0.0301681 0.999255 -0.0240855 0 0.0611294 0.0222066 0.997883 0 -1.36663 -0.157768 1.6409 1
0.69302 -0.0514808 -0.719078 0 0.00666818 0.997862 -0.0650135 0 0.720887 0.0402609 0.691882 0 -1.03891 -0.142035 1.95671 1
0.925827 0.00708276 -0.377881 0 -0.0215749 0.999185 -0.0341317 0 0.377332 0.0397528 0.925225 0 -2.11374 -0.137552 2.73881 1
0.983585 0.0526835 0.172586 0 -0.0478436 0.998339 -0.0320861 0 -0.17399 0.0233021 0.984472 0 -4.32677 -0.245243 2.44813 1
0.996915 -0.0343196 0.070585 0 0.0335863 0.99937 0.0115506 0 -0.0709368 -0.00914428 0.99744 0 -0.981908 -0.0659924 1.62851 1
0.998461 -0.0330175 -0.0445721 0 0.0336314 0.999349 0.0130919 0 0.0441108 -0.0145709 0.998921 0 -1.31938 -0.0503403 1.64644 1
0.754856 -0.098871 -0.648395 0 0.0352886 0.993263 -0.110377 0 0.65494 0.0604378 0.753261 0 -4.28666 -0.40488 3.03185 1
0.856697 -0.0869364 -0.508439 0 0.0352877 0.993263 -0.110376 0 0.514609 0.0766173 0.853995 0 -3.2911 -0.528998 2.2332 1
0.963041 -0.0631755 -0.261838 0 0.0352878 0.993318 -0.109875 0 0.267031 0.0965746 0.958837 0 -1.37807 -0.693054 1.33428 1
0.754856 -0.0988717 -0.648396 0 0.0352885 0.993264 -0.110377 0 0.65494 0.0604376 0.75326 0 -4.28666 -0.40488 3.03185 1
0.474109 -0.0654808 -0.878028 0 0.587299 0.766486 0.259961 0 0.655973 -0.638916 0.401855 0 -3.63644 4.50011 6.07362 1
0.562922 -0.0417135 -0.825457 0 0.544639 0.769938 0.33251 0 0.621681 -0.636754 0.456134 0 -3.54495 4.51226 6.04662 1
0.562921 -0.0417131 -0.825458 0 0.544639 0.769939 0.33251 0 0.621681 -0.636754 0.456134 0 -3.54494 4.51226 6.04662 1
0.417426 0.226357 -0.880068 0 0.489898 0.759628 0.427744 0 0.765346 -0.609695 0.206197 0 -4.31541 4.11873 7.64574 1
0.417426 0.226357 -0.880067 0 0.774871 0.417244 0.474848 0 0.474687 -0.880154 -0.00122964 0 -1.52688 3.28403 8.75369 1
0.276315 0.881225 -0.383525 0 0.960481 -0.267133 0.0781973 0 -0.0335424 -0.389977 -0.920214 0 1.74652 -3.50779 9.40596 1
0.562921 -0.041713 -0.825458 0 0.54464 0.769939 0.33251 0 0.621681 -0.636754 0.456133 0 -3.54494 4.51226 6.04662 1
-0.122862 0.510925 -0.850801 0 0.252935 0.845106 0.47098 0 0.95965 -0.157332 -0.233062 0 -5.70435 2.29161 9.66372 1
0.754856 -0.0988717 -0.648396 0 0.0352877 0.993264 -0.110377 0 0.65494 0.060438 0.75326 0 -4.28667 -0.404884 3.03185 1
0.993201 0.10754 0.0445492 0 -0.039762 0.673135 -0.738451 0 -0.1094 0.731659 0.672834 0 1.36136 -4.93771 4.31228 1
0.287815 -0.0431974 0.956711 0 0.683374 0.709136 -0.173567 0 -0.67094 0.703746 0.233621 0 1.66193 -4.98374 5.31878 1
0.287816 -0.0431975 0.956712 0 0.683374 0.709136 -0.173567 0 -0.67094 0.703747 0.23362 0 1.66192 -4.98374 5.31877 1
0.287816 -0.0431983 0.956711 0 0.924946 0.27151 -0.266 0 -0.248266 0.961465 0.118101 0 -1.38902 -3.79618 6.29024 1
0.356161 -0.0458223 0.9333 0 0.904015 0.269626 -0.331749 0 -0.23644 0.961874 0.137454 0 -1.39786 -3.78432 6.60566 1
0.398628 -0.0663887 0.914708 0 0.793962 -0.474235 -0.380427 0 0.459041 0.877892 -0.136334 0 -3.60273 0.897456 8.01018 1
0.287815 -0.0431969 0.956711 0 0.683375 0.709136 -0.173567 0 -0.67094 0.703747 0.23362 0 1.66192 -4.98374 5.31878 1
0.287815 -0.0431972 0.956711 0 0.683374 0.709136 -0.173567 0 -0.67094 0.703747 0.233619 0 1.66192 -4.98373 5.31878 1
0.996913 -0.0343197 0.0705849 0 0.0335865 0.999369 0.011549 0 -0.0709369 -0.00914482 0.997438 0 -0.981907 -0.0659908 1.62851 1
0.922986 0.0280028 0.383808 0 -0.00353365 0.997924 -0.0643132 0 -0.384812 0.0580018 0.921169 0 -0.0670115 -0.275626 1.75173 1
0.0361564 -0.107972 -0.993495 0 -0.0322198 0.993503 -0.109149 0 0.998824 0.0359564 0.0324423 0 0.706558 -0.194655 2.46496 1
-0.047023 0.0153418 -0.998775 0 -0.00295026 0.999875 0.0154944 0 0.998887 0.00367512 -0.0469717 0 0.723384 -0.293337 2.2841 1
0.259825 0.11121 -0.959229 0 -0.00222307 0.993412 0.114568 0 0.96565 -0.0276365 0.258361 0 0.336991 -0.501742 3.53164 1
0.996915 -0.0343189 0.070584 0 0.0335857 0.999369 0.0115509 0 -0.070936 -0.0091447 0.997439 0 -0.981911 -0.0659913 1.62851 1
0.996247 -0.0325943 -0.0801805 0 0.0308032 0.99925 -0.0234686 0 0.0808862 0.0209104 0.996504 0 -1.42498 -0.153977 1.65339 1
0.691887 -0.05046 -0.72024 0 0.00790941 0.998024 -0.0623237 0 0.721962 0.0374245 0.690919 0 -1.102 -0.139803 1.95782 1
0.923601 0.00688746 -0.383292 0 -0.0203867 0.999305 -0.0311681 0 0.382812 0.0366009 0.923101 0 -2.16254 -0.136468 2.73543 1
0.983963 0.0512131 0.170859 0 -0.0469394 0.998477 -0.0289624 0 -0.172081 0.0204779 0.98487 0 -4.39195 -0.241665 2.4511 1
0.996915 -0.0343196 0.070585 0 0.0335863 0.99937 0.0115506 0 -0.0709368 -0.00914428 0.99744 0 -0.981908 -0.0659924 1.63738 1
0.998461 -0.0330099 -0.0445811 0 0.0336358 0.999345 0.0133625 0 0.0441107 -0.0148415 0.998917 0 -1.31938 -0.0495485 1.65533 1
0.754856 -0.0985824 -0.64844 0 0.035293 0.993313 -0.10993 0 0.65494 0.0600957 0.753288 0 -4.28666 -0.403811 3.04059 1
0.856697 -0.0867114 -0.508478 0 0.0352922 0.993312 -0.109929 0 0.51461 0.0762305 0.854029 0 -3.2911 -0.527574 2.24188 1
0.963041 -0.0630398 -0.261872 0 0.0352925 0.993377 -0.109343 0 0.267031 0.0960597 0.958889 0 -1.37807 -0.690597 1.34283 1
0.754856 -0.098583 -0.648441 0 0.0352928 0.993313 -0.10993 0 0.654941 0.0600957 0.753287 0 -4.28667 -0.403812 3.04059 1
0.477257 -0.0640885 -0.876424 0 0.585667 0.766747 0.262856 0 0.655148 -0.638743 0.40347 0 -3.63269 4.49744 6.07308 1
0.56482 -0.0405882 -0.824216 0 0.543316 0.770053 0.334404 0 0.621117 -0.636688 0.456993 0 -3.54224 4.50953 6.04667 1
0.564819 -0.0405879 -0.824217 0 0.543316 0.770054 0.334404 0 0.621117 -0.636688 0.456994 0 -3.54224 4.50954 6.04668 1
0.419251 0.227422 -0.878925 0 0.488367 0.759621 0.429505 0 0.765327 -0.609308 0.207406 0 -4.31603 4.11407 7.64371 1
0.41925 0.227422 -0.878925 0 0.773486 0.417406 0.47696 0 0.475339 -0.879802 -0.000910729 0 -1.5294 3.28047 8.75725 1
0.276531 0.881759 -0.382142 0 0.960499 -0.266493 0.0801427 0 -0.0311709 -0.389209 -0.920622 0 1.74753 -3.5095 9.4111 1
0.564819 -0.0405878 -0.824217 0 0.543317 0.770053 0.334404 0 0.621117 -0.636688 0.456992 0 -3.54223 4.50954 6.04668 1
-0.121312 0.511567 -0.850638 0 0.251244 0.844886 0.472277 0 0.960292 -0.156424 -0.231023 0 -5.70819 2.28419 9.65697 1
0.754856 -0.0985832 -0.64844 0 0.0352921 0.993313 -0.10993 0 0.654941 0.060096 0.753287 0 -4.28667 -0.403815 3.04059 1
0.993346 0.108002 0.0399534 0 -0.043412 0.67257 -0.738759 0 -0.106659 0.732109 0.672784 0 1.34597 -4.94169 4.32329 1
0.299137 -0.041422 0.953311 0 0.680561 0.709542 -0.182722 0 -0.668845 0.703443 0.240441 0 1.65316 -4.98612 5.3222 1
0.299137 -0.041422 0.953311 0 0.68056 0.709543 -0.182722 0 -0.668845 0.703444 0.24044 0 1.65316 -4.98612 5.3222 1
0.299137 -0.0414228 0.953311 0 0.921466 0.272013 -0.277326 0 -0.247825 0.961401 0.119539 0 -1.3873 -3.80008 6.32779 1
0.367204 -0.0440154 0.929098 0 0.899762 0.270005 -0.342819 0 -0.235772 0.961851 0.13875 0 -1.39243 -3.78773 6.64328 1
0.409469 -0.0645687 0.910037 0 0.789894 -0.474039 -0.389044 0 0.456513 0.878134 -0.143103 0 -3.58529 0.894033 8.0665 1
0.299137 -0.0414214 0.95331 0 0.680561 0.709542 -0.182722 0 -0.668845 0.703444 0.24044 0 1.65315 -4.98612 5.3222 1
0.299137 -0.0414218 0.953311 0 0.680561 0.709542 -0.182722 0 -0.668845 0.703444 0.240439 0 1.65315 -4.98612 5.3222 1
0.996913 -0.0343197 0.0705849 0 0.0335866 0.999369 0.0115488 0 -0.0709369 -0.0091447 0.997438 0 -0.981907 -0.0659911 1.63739 1
0.906571 0.0318185 0.420848 0 -0.00453766 0.997831 -0.065669 0 -0.422024 0.0576218 0.90475 0 0.0448352 -0.275251 1.80143 1
0.0728009 -0.109034 -0.991367 0 -0.0309989 0.993278 -0.111525 0 0.996861 0.03885 0.0689315 0 0.791405 -0.190705 2.54493 1
-0.0482212 0.0125828 -0.998755 0 -0.00691055 0.999891 0.0129271 0 0.99881 0.00752496 -0.0481284 0 0.810045 -0.286133 2.24007 1
0.27425 0.11276 -0.955022 0 -0.00615977 0.993286 0.115506 0 0.961635 -0.0257964 0.273104 0 0.395032 -0.506205 3.54971 1
0.996915 -0.0343189 0.070584 0 0.0335857 0.999369 0.0115509 0 -0.070936 -0.0091447 0.997439 0 -0.981911 -0.0659913 1.63738 1
0.994474 -0.0335636 -0.0994714 0 0.0314356 0.999244 -0.0228779 0 0.100165 0.0196242 0.994777 0 -1.48193 -0.150213 1.66672 1
0.690778 -0.0495098 -0.72137 0 0.0091763 0.998173 -0.0597206 0 0.723009 0.0346342 0.68997 0 -1.1638 -0.137518 1.96012 1
0.921395 0.00667177 -0.388567 0 -0.01917 0.999415 -0.0282969 0 0.388151 0.0335213 0.920986 0 -2.21042 -0.135241 2.73325 1
0.984331 0.0497349 0.169167 0 -0.0459994 0.998604 -0.0259325 0 -0.17022 0.0177445 0.985246 0 -4.45583 -0.237884 2.45524 1
0.996915 -0.0343196 0.070585 0 0.0335863 0.99937 0.0115506 0 -0.0709368 -0.00914428 0.99744 0 -0.981908 -0.0659924 1.64859 1
0.998461 -0.0330001 -0.0445924 0 0.0336413 0.999341 0.0137042 0 0.0441107 -0.0151833 0.998912 0 -1.31938 -0.0485487 1.66655 1
0.754855 -0.0982179 -0.648495 0 0.0352985 0.993375 -0.109365 0 0.654941 0.0596639 0.753322 0 -4.28666 -0.402461 3.05163 1
0.856696 -0.086427 -0.508527 0 0.0352976 0.993375 -0.109364 0 0.51461 0.0757422 0.854073 0 -3.2911 -0.525775 2.25285 1
0.96304 -0.0628681 -0.261915 0 0.035298 0.993451 -0.108671 0 0.267032 0.0954097 0.958953 0 -1.37807 -0.687493 1.35363 1
0.754855 -0.0982186 -0.648497 0 0.0352981 0.993376 -0.109365 0 0.654941 0.0596641 0.753321 0 -4.28667 -0.402463 3.05163 1
0.481222 -0.0623301 -0.87438 0 0.583593 0.767069 0.266504 0 0.654098 -0.638531 0.405506 0 -3.6279 4.49409 6.07241 1
0.567211 -0.0391686 -0.822641 0 0.541641 0.770194 0.336791 0 0.6204 -0.636607 0.458078 0 -3.53877 4.50612 6.04675 1
0.567211 -0.0391682 -0.822641 0 0.541641 0.770194 0.336791 0 0.620401 -0.636608 0.458078 0 -3.53877 4.50613 6.04675 1
0.42155 0.228765 -0.877476 0 0.48643 0.759607 0.431723 0 0.765299 -0.608822 0.208934 0 -4.31676 4.1082 7.64113 1
0.421549 0.228765 -0.877475 0 0.77173 0.417606 0.479622 0 0.476159 -0.879359 -0.000504464 0 -1.53254 3.27598 8.76174 1
0.276802 0.88243 -0.380394 0 0.960514 -0.265688 0.0826007 0 -0.0281762 -0.388238 -0.921129 0 1.74883 -3.51165 9.4176 1
0.567211 -0.0391681 -0.822641 0 0.541641 0.770194 0.336791 0 0.620401 -0.636608 0.458077 0 -3.53876 4.50613 6.04675 1
-0.119356 0.512378 -0.850426 0 0.249106 0.844606 0.473909 0 0.961093 -0.155282 -0.228445 0 -5.71295 2.27485 9.64842 1
0.754855 -0.0982187 -0.648496 0 0.0352976 0.993376 -0.109365 0 0.654941 0.0596642 0.753321 0 -4.28667 -0.402464 3.05163 1
0.993499 0.108585 0.0341496 0 -0.0480245 0.671855 -0.739125 0 -0.103201 0.73268 0.672701 0 1.32656 -4.94671 4.33729 1
0.313371 -0.0391703 0.948823 0 0.676852 0.710031 -0.194235 0 -0.666085 0.703079 0.249016 0 1.64197 -4.98915 5.32655 1
0.313371 -0.0391704 0.948823 0 0.676852 0.710032 -0.194235 0 -0.666085 0.703079 0.249015 0 1.64197 -4.98915 5.32654 1
0.313371 -0.0391712 0.948822 0 0.91688 0.272618 -0.291567 0 -0.247245 0.961324 0.121346 0 -1.38467 -3.80493 6.37505 1
0.381073 -0.0417264 0.923603 0 0.894204 0.270454 -0.356725 0 -0.234907 0.961827 0.140374 0 -1.38512 -3.79197 6.69055 1
0.423075 -0.0622643 0.903954 0 0.784611 -0.473817 -0.399855 0 0.453204 0.87842 -0.151607 0 -3.5625 0.889844 8.13719 1
0.313371 -0.0391698 0.948822 0 0.676853 0.710031 -0.194234 0 -0.666085 0.70308 0.249015 0 1.64196 -4.98915 5.32655 1
0.31337 -0.0391702 0.948823 0 0.676853 0.710031 -0.194235 0 -0.666085 0.70308 0.249015 0 1.64196 -4.98915 5.32655 1
0.996914 -0.0343197 0.0705849 0 0.0335865 0.999369 0.011549 0 -0.0709369 -0.0091447 0.997438 0 -0.981907 -0.0659911 1.64859 1
0.883704 0.0366087 0.466609 0 -0.005725 0.997707 -0.0674365 0 -0.468007 0.0569206 0.881888 0 0.183542 -0.274125 1.8706 1
0.118924 -0.110197 -0.986767 0 -0.0293261 0.992998 -0.114431 0 0.992467 0.0425459 0.114859 0 0.894303 -0.185149 2.65086 1
-0.0497106 0.00891741 -0.998722 0 -0.011767 0.999884 0.0095099 0 0.998691 0.0122244 -0.0495993 0 0.921482 -0.277169 2.18963 1
0.292367 0.114641 -0.949407 0 -0.0110567 0.993126 0.116512 0 0.956238 -0.0235689 0.291627 0 0.469167 -0.511781 3.57713 1
0.996915 -0.0343189 0.070584 0 0.0335857 0.999369 0.0115509 0 -0.070936 -0.0091447 0.997439 0 -0.981911 -0.0659913 1.64859 1
0.991701 -0.0347513 -0.123776 0 0.0322498 0.999234 -0.0221495 0 0.124452 0.0179733 0.992062 0 -1.5537 -0.145381 1.68513 1
0.689374 -0.0483772 -0.722787 0 0.0108507 0.998344 -0.0564716 0 0.724324 0.0310869 0.688758 0 -1.24202 -0.134487 1.96476 1
0.918568 0.00636456 -0.395209 0 -0.0175566 0.999539 -0.0247087 0 0.394871 0.0296345 0.918258 0 -2.27112 -0.133459 2.73209 1
0.984792 0.047811 0.167026 0 -0.0447341 0.998752 -0.0221409 0 -0.167875 0.0143321 0.985704 0 -4.53668 -0.23271 2.46224 1
0.996915 -0.0343196 0.070585 0 0.0335863 0.99937 0.0115506 0 -0.0709368 -0.00914428 0.99744 0 -0.981908 -0.0659924 1.66138 1
0.998459 -0.0329999 -0.0446168 0 0.0336733 0.999329 0.0144254 0 0.0441108 -0.0159057 0.998901 0 -1.31938 -0.0464314 1.67937 1
0.754851 -0.0974593 -0.648614 0 0.0353302 0.993505 -0.108166 0 0.654942 0.0587337 0.753393 0 -4.28667 -0.399519 3.06406 1
