626
0.990582 -0.0343196 0.132549 0 0.0328016 0.999369 0.0136197 0 -0.132932 -0.00914362 0.991083 0 -0.860978 -0.0659936 1.57636 1
0.89702 -0.0330644 -0.440756 0 0.035397 0.999371 -0.0029304 0 0.440575 -0.0129721 0.897623 0 -2.52371 -0.0550162 1.96132 1
0.778579 -0.0294146 -0.626858 0 0.035397 0.99937 -0.00293063 0 0.626549 -0.0199066 0.779128 0 -3.41503 -0.0215715 2.6007 1
0.875156 -0.0324127 -0.482755 0 0.0353958 0.99937 -0.00293056 0 0.482546 -0.0145224 0.875751 0 -2.39028 -0.060127 1.83077 1
0.972263 -0.0351136 -0.231244 0 0.0353952 0.99937 -0.00293045 0 0.231202 -0.00533518 0.972891 0 -0.444848 -0.131497 0.99088 1
0.778578 -0.0294152 -0.62686 0 0.0353967 0.999371 -0.00293096 0 0.62655 -0.0199062 0.779127 0 -3.41504 -0.0215742 2.60071 1
0.587901 -0.491074 -0.642822 0 0.623862 0.781098 -0.0261464 0 0.514946 -0.385661 0.765569 0 -1.90814 2.51313 2.67773 1
0.886662 -0.268207 -0.376693 0 0.351049 0.920649 0.170796 0 0.300993 -0.283675 0.910457 0 -1.49305 2.53814 2.68246 1
0.886662 -0.268207 -0.376694 0 0.351049 0.92065 0.170796 0 0.300994 -0.283675 0.910458 0 -1.49305 2.53814 2.68246 1
0.796259 -0.0738365 -0.600434 0 0.257077 0.939749 0.225357 0 0.547617 -0.3338 0.767264 0 -2.94966 2.68623 3.76043 1
0.796258 -0.0738364 -0.600434 0 0.470356 0.69974 0.537708 0 0.380445 -0.710573 0.591901 0 -1.06712 2.86099 6.23544 1
0.462424 0.689099 -0.557949 0 0.79427 -0.0422571 0.606094 0 0.394082 -0.723436 -0.56687 0 1.21055 -2.4266 11.147 1
0.886662 -0.268207 -0.376694 0 0.351049 0.92065 0.170796 0 0.300994 -0.283676 0.910457 0 -1.49305 2.53814 2.68246 1
0.320054 0.100058 -0.942101 0 0.0320546 0.992696 0.116321 0 0.946858 -0.0674274 0.314508 0 -5.20881 1.60222 5.50999 1
0.778579 -0.0294153 -0.626859 0 0.0353961 0.999371 -0.00293083 0 0.62655 -0.0199061 0.779127 0 -3.41504 -0.0215756 2.6007 1
0.912642 -0.319756 -0.254639 0 0.262302 0.935904 -0.235126 0 0.313501 0.147793 0.938016 0 -1.43733 -1.12018 1.67584 1
0.730619 -0.639177 0.240104 0 0.682661 0.690541 -0.239014 0 -0.0130292 0.338538 0.940862 0 -1.14225 -1.51686 1.93307 1
0.730619 -0.639177 0.240104 0 0.682661 0.690542 -0.239014 0 -0.0130294 0.338539 0.940862 0 -1.14225 -1.51686 1.93307 1
0.730619 -0.639177 0.240103 0 0.600862 0.434874 -0.670709 0 0.324287 0.634302 0.701783 0 -2.14628 -1.43874 5.19622 1
0.76279 -0.621734 0.177759 0 0.54771 0.475063 -0.688715 0 0.343751 0.622706 0.702903 0 -1.96494 -1.63606 5.36323 1
0.772047 -0.622564 0.127902 0 0.114349 -0.0618952 -0.991511 0 0.625194 0.780119 0.0234042 0 -0.589655 0.851054 9.91032 1
0.730619 -0.639176 0.240104 0 0.682662 0.690541 -0.239015 0 -0.0130293 0.338539 0.940862 0 -1.14225 -1.51686 1.93308 1
0.730619 -0.639177 0.240105 0 0.682661 0.690541 -0.239015 0 -0.013029 0.338539 0.940862 0 -1.14225 -1.51686 1.93308 1
0.990584 -0.0343174 0.132549 0 0.0327993 0.99937 0.0136206 0 -0.132932 -0.0091439 0.991084 0 -0.860978 -0.0659932 1.57636 1
0.650723 -0.0187991 0.759084 0 0.0351074 0.99937 -0.0053454 0 -0.758505 0.0301284 0.650971 0 1.0421 -0.18433 2.45277 1
0.896796 -0.0245598 -0.441764 0 0.0409312 0.998782 0.0275646 0 0.440549 -0.0428009 0.896709 0 1.08041 -0.192718 3.28404 1
0.866815 0.0964664 -0.489212 0 -0.0478026 0.992666 0.111043 0 0.496337 -0.0728671 0.865068 0 1.20577 -0.292244 3.23258 1
0.977878 0.155679 -0.139717 0 -0.133975 0.979067 0.153232 0 0.160648 -0.131123 0.978264 0 -0.279055 -0.582162 3.42085 1
0.990582 -0.0343189 0.132548 0 0.0328011 0.999369 0.01362 0 -0.132931 -0.00914404 0.991083 0 -0.860981 -0.0659926 1.57636 1
0.904277 -0.0340747 0.425584 0 0.0303636 0.999419 0.015502 0 -0.425865 -0.00109611 0.904787 0 -0.00174159 -0.0896114 1.83119 1
0.858161 -0.0295474 -0.512529 0 0.0294414 0.999531 -0.00832771 0 0.512534 -0.00794231 0.858629 0 0.232875 -0.0936595 2.34412 1
0.998796 -0.0286901 0.0398134 0 0.0292054 0.999497 -0.012416 0 -0.0394371 0.0135644 0.99913 0 -1.55233 -0.0233108 2.87191 1
0.998881 -0.0312528 0.0355214 0 0.0316935 0.999427 -0.0119059 0 -0.0351292 0.0130191 0.999299 0 -1.53706 -0.0229824 2.87631 1
0.990582 -0.0343196 0.132549 0 0.0328016 0.999369 0.0136196 0 -0.132932 -0.0091435 0.991083 0 -0.860978 -0.0659939 1.57636 1
0.89702 -0.0330642 -0.440756 0 0.0353968 0.99937 -0.00293048 0 0.440575 -0.012972 0.897623 0 -2.52371 -0.0550164 1.96132 1
0.778579 -0.0294145 -0.626858 0 0.0353968 0.99937 -0.00293071 0 0.626549 -0.0199064 0.779128 0 -3.41503 -0.0215718 2.6007 1
0.875156 -0.0324125 -0.482755 0 0.0353956 0.999369 -0.00293061 0 0.482546 -0.0145223 0.875751 0 -2.39028 -0.0601271 1.83077 1
0.972262 -0.0351134 -0.231244 0 0.035395 0.999369 -0.00293053 0 0.231201 -0.00533512 0.972891 0 -0.444848 -0.131497 0.99088 1
0.778578 -0.0294149 -0.62686 0 0.0353964 0.99937 -0.00293113 0 0.62655 -0.019906 0.779127 0 -3.41503 -0.021575 2.60071 1
0.587901 -0.491073 -0.642822 0 0.623862 0.781098 -0.0261465 0 0.514946 -0.385661 0.765569 0 -1.90814 2.51313 2.67773 1
0.886662 -0.268206 -0.376693 0 0.351048 0.920649 0.170796 0 0.300993 -0.283675 0.910457 0 -1.49305 2.53814 2.68246 1
0.886662 -0.268206 -0.376693 0 0.351048 0.92065 0.170795 0 0.300993 -0.283675 0.910457 0 -1.49305 2.53814 2.68246 1
0.796259 -0.0738362 -0.600434 0 0.257077 0.939748 0.225357 0 0.547617 -0.333799 0.767263 0 -2.94966 2.68622 3.76043 1
0.796258 -0.0738362 -0.600434 0 0.470355 0.69974 0.537708 0 0.380445 -0.710573 0.591901 0 -1.06712 2.86099 6.23544 1
0.462424 0.689098 -0.557949 0 0.79427 -0.0422567 0.606094 0 0.394082 -0.723435 -0.56687 0 1.21055 -2.4266 11.147 1
0.886662 -0.268206 -0.376694 0 0.351049 0.920649 0.170796 0 0.300994 -0.283676 0.910456 0 -1.49305 2.53814 2.68246 1
0.320054 0.100058 -0.942101 0 0.0320543 0.992696 0.116321 0 0.946858 -0.0674272 0.314508 0 -5.20881 1.60222 5.50999 1
0.778579 -0.0294151 -0.626859 0 0.035396 0.99937 -0.00293092 0 0.62655 -0.019906 0.779127 0 -3.41504 -0.0215759 2.6007 1
0.912642 -0.319756 -0.254639 0 0.262302 0.935904 -0.235126 0 0.313501 0.147793 0.938016 0 -1.43733 -1.12018 1.67584 1
0.730619 -0.639176 0.240104 0 0.682661 0.690541 -0.239014 0 -0.0130293 0.338538 0.940862 0 -1.14225 -1.51686 1.93307 1
0.730619 -0.639176 0.240104 0 0.682661 0.690542 -0.239014 0 -0.0130295 0.338538 0.940862 0 -1.14225 -1.51686 1.93307 1
0.730619 -0.639177 0.240104 0 0.600862 0.434874 -0.670709 0 0.324287 0.634302 0.701783 0 -2.14628 -1.43874 5.19621 1
0.76279 -0.621734 0.177759 0 0.54771 0.475063 -0.688715 0 0.343751 0.622706 0.702903 0 -1.96494 -1.63606 5.36323 1
0.772047 -0.622564 0.127903 0 0.114349 -0.0618951 -0.991511 0 0.625194 0.780119 0.0234042 0 -0.589656 0.851053 9.91032 1
0.730619 -0.639175 0.240104 0 0.682661 0.690541 -0.239015 0 -0.0130294 0.338539 0.940862 0 -1.14225 -1.51686 1.93308 1
0.730619 -0.639176 0.240105 0 0.682661 0.690541 -0.239015 0 -0.0130291 0.338539 0.940861 0 -1.14225 -1.51685 1.93308 1
0.990583 -0.0343174 0.132549 0 0.0327993 0.99937 0.0136204 0 -0.132932 -0.00914413 0.991083 0 -0.860978 -0.0659924 1.57636 1
0.650722 -0.0187993 0.759084 0 0.0351074 0.99937 -0.00534565 0 -0.758504 0.0301282 0.650971 0 1.0421 -0.184329 2.45277 1
0.896795 -0.0245596 -0.441763 0 0.0409311 0.998782 0.0275642 0 0.440549 -0.042801 0.896708 0 1.08041 -0.192718 3.28404 1
0.866814 0.0964665 -0.489212 0 -0.0478026 0.992666 0.111042 0 0.496336 -0.0728672 0.865068 0 1.20577 -0.292243 3.23258 1
0.977877 0.155679 -0.139717 0 -0.133975 0.979067 0.153232 0 0.160648 -0.131123 0.978264 0 -0.279054 -0.582162 3.42085 1
0.990582 -0.0343189 0.132548 0 0.0328011 0.999369 0.0136199 0 -0.132931 -0.00914392 0.991083 0 -0.860981 -0.0659928 1.57636 1
0.904277 -0.0340746 0.425584 0 0.0303636 0.999419 0.0155019 0 -0.425865 -0.00109613 0.904786 0 -0.00174165 -0.0896111 1.83119 1
0.858161 -0.0295474 -0.512529 0 0.0294413 0.999531 -0.00832775 0 0.512534 -0.00794229 0.858629 0 0.232875 -0.0936592 2.34412 1
0.998796 -0.02869 0.0398135 0 0.0292053 0.999497 -0.012416 0 -0.0394371 0.0135644 0.99913 0 -1.55233 -0.0233105 2.87191 1
0.998881 -0.0312527 0.0355215 0 0.0316934 0.999427 -0.0119059 0 -0.0351292 0.013019 0.999298 0 -1.53706 -0.0229821 2.87631 1
0.990583 -0.0343034 0.132544 0 0.0327862 0.99937 0.0136131 0 -0.132928 -0.00913929 0.991084 0 -0.860988 -0.0660051 1.57614 1
0.897014 -0.0330673 -0.440768 0 0.0354053 0.99937 -0.00292055 0 0.440586 -0.0129851 0.897617 0 -2.52373 -0.0549731 1.96112 1
0.778594 -0.0293869 -0.626841 0 0.035374 0.999371 -0.0029143 0 0.626532 -0.0199043 0.779142 0 -3.41492 -0.0216127 2.60039 1
0.875167 -0.0323849 -0.482735 0 0.0353728 0.99937 -0.00291422 0 0.482526 -0.0145249 0.875761 0 -2.39015 -0.0601327 1.83048 1
0.972254 -0.0351129 -0.231281 0 0.0353964 0.999369 -0.00292365 0 0.231238 -0.00534345 0.972883 0 -0.445155 -0.131449 0.990768 1
0.778593 -0.0293873 -0.626842 0 0.0353736 0.999371 -0.00291484 0 0.626533 -0.0199038 0.779141 0 -3.41492 -0.0216165 2.6004 1
0.587864 -0.491134 -0.64281 0 0.6239 0.781066 -0.0261975 0 0.514943 -0.385649 0.765578 0 -1.90806 2.51299 2.67739 1
0.886626 -0.268286 -0.376719 0 0.351119 0.920633 0.170734 0 0.301015 -0.28365 0.910458 0 -1.493 2.53798 2.68211 1
0.886626 -0.268286 -0.37672 0 0.351119 0.920634 0.170733 0 0.301015 -0.28365 0.910458 0 -1.493 2.53798 2.6821 1
0.796227 -0.0739207 -0.600467 0 0.257151 0.939742 0.225298 0 0.547629 -0.333798 0.767256 0 -2.94955 2.68621 3.76013 1
0.796226 -0.0739207 -0.600467 0 0.470427 0.699734 0.537651 0 0.380423 -0.710569 0.59192 0 -1.06689 2.86098 6.23505 1
0.462446 0.689039 -0.558005 0 0.794294 -0.0422806 0.60606 0 0.394007 -0.72349 -0.566851 0 1.21065 -2.42652 11.1467 1
0.886626 -0.268286 -0.37672 0 0.351119 0.920634 0.170734 0 0.301016 -0.28365 0.910457 0 -1.49299 2.53798 2.68211 1
0.320018 0.099989 -0.942121 0 0.0321273 0.992699 0.11627 0 0.946867 -0.0674761 0.314468 0 -5.20869 1.60245 5.50985 1
0.778594 -0.0293876 -0.626841 0 0.0353731 0.999371 -0.00291443 0 0.626532 -0.0199039 0.779142 0 -3.41493 -0.0216165 2.6004 1
0.912653 -0.319741 -0.254621 0 0.262268 0.935898 -0.235189 0 0.313499 0.147866 0.938005 0 -1.43732 -1.12073 1.67581 1
0.730565 -0.639182 0.240253 0 0.682717 0.690478 -0.239036 0 -0.0131017 0.338655 0.940819 0 -1.14218 -1.51747 1.93315 1
0.730566 -0.639182 0.240253 0 0.682717 0.690478 -0.239035 0 -0.0131018 0.338656 0.940819 0 -1.14219 -1.51747 1.93316 1
0.730565 -0.639182 0.240252 0 0.600946 0.434761 -0.670706 0 0.324252 0.634373 0.701735 0 -2.14652 -1.4389 5.19619 1
0.762743 -0.621749 0.177908 0 0.547798 0.474951 -0.688722 0 0.343715 0.622776 0.702858 0 -1.96521 -1.63621 5.36325 1
0.772005 -0.622585 0.128053 0 0.11444 -0.0620239 -0.991492 0 0.62523 0.780092 0.0233666 0 -0.590231 0.851402 9.91016 1
0.730565 -0.639181 0.240253 0 0.682718 0.690478 -0.239036 0 -0.0131017 0.338657 0.940819 0 -1.14219 -1.51747 1.93316 1
0.730565 -0.639182 0.240253 0 0.682717 0.690478 -0.239036 0 -0.0131015 0.338657 0.940818 0 -1.14218 -1.51747 1.93316 1
0.990584 -0.0343013 0.132544 0 0.0327839 0.999371 0.0136139 0 -0.132928 -0.0091398 0.991084 0 -0.860987 -0.0660041 1.57614 1
0.649897 -0.0187189 0.759793 0 0.0350953 0.99937 -0.00539802 0 -0.759212 0.0301737 0.650143 0 1.04434 -0.184474 2.45483 1
0.897673 -0.0246293 -0.439973 0 0.0408678 0.998787 0.0274703 0 0.438764 -0.0426399 0.897591 0 1.08135 -0.192744 3.28565 1
0.866865 0.0964302 -0.489129 0 -0.0479418 0.992693 0.110741 0 0.496234 -0.0725474 0.865154 0 1.21217 -0.291733 3.23139 1
0.977911 0.15582 -0.139318 0 -0.134211 0.979073 0.152984 0 0.160241 -0.130907 0.97836 0 -0.273915 -0.582225 3.41948 1
0.990583 -0.0343028 0.132543 0 0.0327856 0.99937 0.0136134 0 -0.132927 -0.00913971 0.991083 0 -0.86099 -0.0660041 1.57614 1
0.90436 -0.0340589 0.425409 0 0.0303501 0.999419 0.0154942 0 -0.425689 -0.00110143 0.904869 0 -0.00225261 -0.0895943 1.83073 1
0.857985 -0.029531 -0.512822 0 0.0294221 0.999531 -0.00833308 0 0.512828 -0.00793777 0.858454 0 0.232534 -0.0936402 2.34366 1
0.998811 -0.0286645 0.0394372 0 0.0291745 0.999497 -0.0124127 0 -0.0390612 0.0135493 0.999145 0 -1.55237 -0.0233548 2.87206 1
0.998873 -0.0312092 0.0357676 0 0.0316531 0.999428 -0.011905 0 -0.0353756 0.0130247 0.99929 0 -1.53953 -0.0229621 2.87577 1
0.990589 -0.0342162 0.132521 0 0.0327031 0.999373 0.0135784 0 -0.132902 -0.00911679 0.991088 0 -0.861038 -0.0660655 1.57495 1
0.896982 -0.033084 -0.44083 0 0.0354516 0.999369 -0.00286643 0 0.440646 -0.0130564 0.897587 0 -2.52387 -0.0547386 1.96004 1
0.778675 -0.0292379 -0.626747 0 0.0352513 0.999376 -0.00282529 0 0.626438 -0.0198931 0.779218 0 -3.41433 -0.0218327 2.59874 1
0.875231 -0.0322362 -0.48263 0 0.0352501 0.999375 -0.00282509 0 0.482419 -0.0145398 0.87582 0 -2.38947 -0.0601606 1.82895 1
0.972207 -0.0351104 -0.231479 0 0.0354039 0.99937 -0.00288608 0 0.231434 -0.00538888 0.972836 0 -0.446816 -0.131193 0.990159 1
0.778674 -0.0292383 -0.626749 0 0.0352509 0.999376 -0.00282569 0 0.626439 -0.0198927 0.779217 0 -3.41434 -0.021836 2.59875 1
0.587662 -0.491459 -0.642747 0 0.624104 0.780893 -0.0264722 0 0.514925 -0.385584 0.765621 0 -1.90762 2.51226 2.67558 1
0.886435 -0.268715 -0.376864 0 0.351501 0.92055 0.170399 0 0.301133 -0.283516 0.91046 0 -1.49271 2.53711 2.68021 1
0.886435 -0.268715 -0.376865 0 0.351501 0.92055 0.170399 0 0.301133 -0.283516 0.910461 0 -1.49271 2.53711 2.68021 1
0.796052 -0.0743768 -0.600641 0 0.257553 0.939708 0.224982 0 0.547693 -0.333794 0.767211 0 -2.94894 2.68618 3.75855 1
0.796051 -0.0743769 -0.600641 0 0.470817 0.699705 0.537348 0 0.380305 -0.71055 0.592018 0 -1.06561 2.86091 6.23296 1
0.462564 0.688717 -0.558304 0 0.794426 -0.042411 0.605877 0 0.393601 -0.723789 -0.566753 0 1.21117 -2.42611 11.1455 1
0.886435 -0.268715 -0.376865 0 0.351501 0.92055 0.1704 0 0.301134 -0.283516 0.91046 0 -1.4927 2.53711 2.68021 1
0.319825 0.0996168 -0.942226 0 0.0325226 0.992719 0.115995 0 0.946919 -0.0677414 0.314255 0 -5.20806 1.60372 5.50911 1
0.778675 -0.0292385 -0.626748 0 0.0352504 0.999376 -0.00282548 0 0.626438 -0.0198927 0.779217 0 -3.41434 -0.0218366 2.59874 1
0.912709 -0.319657 -0.254522 0 0.262086 0.935864 -0.235528 0 0.313486 0.148261 0.937947 0 -1.43724 -1.1237 1.67569 1
0.730273 -0.639213 0.241053 0 0.683021 0.690138 -0.239149 0 -0.0134922 0.339288 0.940585 0 -1.14184 -1.52079 1.93361 1
0.730274 -0.639213 0.241053 0 0.683021 0.690138 -0.239149 0 -0.0134923 0.339289 0.940585 0 -1.14185 -1.52079 1.93361 1
0.730273 -0.639214 0.241053 0 0.601403 0.434153 -0.67069 0 0.324061 0.634757 0.701475 0 -2.14782 -1.43977 5.19608 1
0.762487 -0.62183 0.178714 0 0.548274 0.474344 -0.68876 0 0.34352 0.623156 0.702616 0 -1.96665 -1.63701 5.36336 1
0.771775 -0.622703 0.128864 0 0.114929 -0.0627182 -0.991392 0 0.625424 0.779942 0.0231636 0 -0.593333 0.853283 9.90931 1
0.730273 -0.639212 0.241054 0 0.683022 0.690137 -0.239149 0 -0.0134922 0.33929 0.940584 0 -1.14185 -1.52079 1.93362 1
0.730273 -0.639213 0.241054 0 0.683021 0.690138 -0.239149 0 -0.0134919 0.33929 0.940584 0 -1.14184 -1.52079 1.93362 1
0.99059 -0.0342141 0.132521 0 0.0327009 0.999374 0.0135792 0 -0.132902 -0.0091173 0.991088 0 -0.861036 -0.0660644 1.57495 1
0.645426 -0.018284 0.763605 0 0.0350307 0.999371 -0.00567972 0 -0.76302 0.0304157 0.645659 0 1.05638 -0.185244 2.466 1
0.902351 -0.0249989 -0.430278 0 0.040529 0.998815 0.0269633 0 0.429095 -0.0417686 0.902294 0 1.08641 -0.19288 3.29438 1
0.86714 0.0962256 -0.488682 0 -0.0486843 0.992838 0.109111 0 0.495681 -0.0708225 0.865613 0 1.24684 -0.288981 3.22518 1
0.978095 0.156579 -0.137161 0 -0.135476 0.979108 0.151644 0 0.15804 -0.129739 0.978873 0 -0.24608 -0.582563 3.41226 1
0.99059 -0.0342155 0.13252 0 0.0327025 0.999373 0.0135787 0 -0.132901 -0.00911721 0.991087 0 -0.86104 -0.0660644 1.57495 1
0.904808 -0.0339745 0.424462 0 0.0302775 0.999421 0.0154524 0 -0.42474 -0.0011301 0.905314 0 -0.00501192 -0.0895036 1.82824 1
0.857038 -0.0294423 -0.514407 0 0.0293181 0.999532 -0.00836223 0 0.514414 -0.00791375 0.857505 0 0.230692 -0.0935398 2.3412 1
0.998891 -0.0285265 0.0374051 0 0.0290082 0.9995 -0.0123952 0 -0.0370311 0.0134674 0.999223 0 -1.55259 -0.0235958 2.87286 1
0.99883 -0.0309741 0.037097 0 0.0314349 0.999433 -0.0119006 0 -0.0367059 0.0130537 0.999241 0 -1.55286 -0.0228584 2.8729 1
0.990595 -0.0341455 0.132501 0 0.0326357 0.999376 0.0135503 0 -0.132881 -0.0090986 0.991091 0 -0.861079 -0.0661143 1.57399 1
0.896957 -0.0330973 -0.44088 0 0.0354888 0.999367 -0.00282261 0 0.440694 -0.0131141 0.897562 0 -2.52399 -0.0545486 1.95916 1
0.778741 -0.029117 -0.626671 0 0.0351517 0.999379 -0.00275321 0 0.626361 -0.0198841 0.77928 0 -3.41386 -0.022011 2.5974 1
0.875282 -0.0321156 -0.482544 0 0.0351506 0.999378 -0.00275305 0 0.482333 -0.0145518 0.875867 0 -2.38891 -0.0601831 1.82771 1
0.972168 -0.0351081 -0.231639 0 0.0354097 0.999369 -0.00285577 0 0.231593 -0.00542568 0.972798 0 -0.448161 -0.130985 0.989665 1
0.77874 -0.0291174 -0.626672 0 0.0351512 0.99938 -0.00275375 0 0.626362 -0.0198836 0.779279 0 -3.41386 -0.0220148 2.59741 1
0.587498 -0.491722 -0.642695 0 0.62427 0.780753 -0.0266944 0 0.514911 -0.385532 0.765657 0 -1.90727 2.51167 2.67411 1
0.886279 -0.269062 -0.37698 0 0.35181 0.920481 0.170129 0 0.301227 -0.283408 0.910463 0 -1.49247 2.53641 2.67868 1
0.886279 -0.269062 -0.376981 0 0.35181 0.920482 0.170129 0 0.301228 -0.283407 0.910463 0 -1.49247 2.53641 2.67867 1
0.795911 -0.0747457 -0.600782 0 0.257878 0.939679 0.224726 0 0.547744 -0.33379 0.767176 0 -2.94844 2.68614 3.75727 1
0.79591 -0.0747458 -0.600782 0 0.471132 0.699681 0.537102 0 0.380209 -0.710535 0.592098 0 -1.06457 2.86085 6.23127 1
0.462659 0.688457 -0.558545 0 0.794533 -0.0425163 0.605729 0 0.393272 -0.72403 -0.566672 0 1.21159 -2.42577 11.1445 1
0.886279 -0.269062 -0.376981 0 0.35181 0.920481 0.170129 0 0.301229 -0.283408 0.910462 0 -1.49247 2.53641 2.67868 1
0.319668 0.0993158 -0.942311 0 0.0328424 0.992733 0.115772 0 0.946959 -0.0679561 0.314083 0 -5.20753 1.60474 5.50852 1
0.778741 -0.0291176 -0.626672 0 0.0351508 0.999379 -0.00275333 0 0.626362 -0.0198837 0.779279 0 -3.41386 -0.0220148 2.59741 1
0.912755 -0.319589 -0.254441 0 0.261937 0.935836 -0.235803 0 0.313476 0.148582 0.9379 0 -1.43718 -1.12611 1.67559 1
0.730036 -0.639238 0.241702 0 0.683267 0.689862 -0.23924 0 -0.0138087 0.339801 0.940395 0 -1.14156 -1.52347 1.93398 1
0.730037 -0.639238 0.241702 0 0.683267 0.689862 -0.23924 0 -0.0138089 0.339802 0.940395 0 -1.14157 -1.52347 1.93398 1
0.730036 -0.639238 0.241701 0 0.601773 0.433661 -0.670676 0 0.323906 0.635068 0.701265 0 -2.14888 -1.44047 5.19599 1
0.76228 -0.621896 0.179366 0 0.54866 0.473854 -0.688789 0 0.343363 0.623464 0.70242 0 -1.96781 -1.63766 5.36345 1
0.771588 -0.622797 0.129521 0 0.115326 -0.0632802 -0.99131 0 0.62558 0.779821 0.023 0 -0.595846 0.854805 9.90861 1
0.730036 -0.639237 0.241702 0 0.683267 0.689862 -0.23924 0 -0.0138087 0.339803 0.940395 0 -1.14157 -1.52347 1.93399 1
0.730036 -0.639238 0.241702 0 0.683267 0.689862 -0.23924 0 -0.0138083 0.339803 0.940394 0 -1.14156 -1.52347 1.93399 1
0.990595 -0.0341436 0.132502 0 0.0326337 0.999376 0.013551 0 -0.132882 -0.00909922 0.99109 0 -0.861077 -0.0661129 1.57399 1
0.64179 -0.0179313 0.766671 0 0.0349796 0.999371 -0.00590823 0 -0.766082 0.0306098 0.642013 0 1.06608 -0.185862 2.4751 1
0.90606 -0.0252911 -0.422391 0 0.0402588 0.998837 0.0265504 0 0.421229 -0.0410612 0.906025 0 1.09048 -0.192988 3.30146 1
0.867363 0.0960474 -0.48832 0 -0.049272 0.992953 0.107785 0 0.495232 -0.0694283 0.865983 0 1.275 -0.286766 3.22041 1
0.978241 0.157184 -0.135417 0 -0.136487 0.979136 0.150552 0 0.156256 -0.128793 0.979284 0 -0.223442 -0.582841 3.40665 1
0.990595 -0.0341448 0.1325 0 0.0326352 0.999375 0.0135506 0 -0.13288 -0.00909902 0.99109 0 -0.861081 -0.0661132 1.57399 1
0.90517 -0.0339061 0.423694 0 0.030219 0.999423 0.0154186 0 -0.423971 -0.00115319 0.905673 0 -0.00724614 -0.0894308 1.82623 1
0.856268 -0.0293706 -0.515689 0 0.0292341 0.999533 -0.00838587 0 0.515697 -0.00789428 0.856734 0 0.229201 -0.0934591 2.3392 1
0.998954 -0.028415 0.0357594 0 0.0288738 0.999503 -0.0123809 0 -0.0353878 0.0134012 0.999283 0 -1.55277 -0.0237907 2.87352 1
0.998794 -0.030784 0.0381727 0 0.0312586 0.999437 -0.0118968 0 -0.0377833 0.0130765 0.9992 0 -1.56366 -0.0227778 2.87057 1
0.990599 -0.0340755 0.132482 0 0.0325691 0.999379 0.0135227 0 -0.132861 -0.00908075 0.991094 0 -0.861119 -0.0661623 1.57304 1
0.896932 -0.0331106 -0.44093 0 0.0355258 0.999366 -0.00277904 0 0.440742 -0.0131714 0.897538 0 -2.52411 -0.0543605 1.95829 1
0.778806 -0.0289973 -0.626596 0 0.0350532 0.999383 -0.00268169 0 0.626286 -0.0198753 0.779341 0 -3.41338 -0.0221872 2.59608 1
0.875333 -0.0319962 -0.48246 0 0.0350521 0.999382 -0.00268144 0 0.482247 -0.0145639 0.875915 0 -2.38836 -0.0602051 1.82649 1
0.97213 -0.0351061 -0.231797 0 0.0354156 0.999369 -0.00282551 0 0.231751 -0.00546221 0.97276 0 -0.449492 -0.130778 0.989175 1
0.778805 -0.0289978 -0.626597 0 0.0350528 0.999383 -0.0026821 0 0.626287 -0.0198749 0.77934 0 -3.41339 -0.0221904 2.59608 1
0.587336 -0.491982 -0.642644 0 0.624434 0.780614 -0.0269141 0 0.514897 -0.385481 0.765693 0 -1.90692 2.51109 2.67265 1
0.886126 -0.269406 -0.377096 0 0.352116 0.920413 0.169862 0 0.301322 -0.283301 0.910465 0 -1.49224 2.53571 2.67716 1
0.886126 -0.269406 -0.377097 0 0.352116 0.920414 0.169862 0 0.301322 -0.2833 0.910466 0 -1.49224 2.53571 2.67715 1
0.795771 -0.0751114 -0.600922 0 0.258201 0.939651 0.224473 0 0.547796 -0.333787 0.767141 0 -2.94795 2.68611 3.756 1
0.79577 -0.0751115 -0.600922 0 0.471445 0.699657 0.536859 0 0.380115 -0.71052 0.592177 0 -1.06355 2.8608 6.2296 1
0.462754 0.688199 -0.558784 0 0.794639 -0.0426216 0.605583 0 0.392946 -0.724269 -0.566594 0 1.21202 -2.42545 11.1435 1
0.886126 -0.269406 -0.377097 0 0.352116 0.920414 0.169862 0 0.301323 -0.283301 0.910464 0 -1.49223 2.53571 2.67715 1
0.319513 0.0990177 -0.942395 0 0.0331594 0.992749 0.115551 0 0.947001 -0.0681692 0.313912 0 -5.20702 1.60576 5.50792 1
0.778806 -0.028998 -0.626597 0 0.0350523 0.999383 -0.00268186 0 0.626287 -0.0198749 0.77934 0 -3.41339 -0.022191 2.59608 1
0.912801 -0.319523 -0.254362 0 0.261791 0.935808 -0.236075 0 0.313465 0.148899 0.937853 0 -1.43712 -1.12849 1.67549 1
0.729802 -0.639263 0.242344 0 0.683511 0.689589 -0.23933 0 -0.0141221 0.340309 0.940207 0 -1.14129 -1.52613 1.93434 1
0.729802 -0.639263 0.242344 0 0.683511 0.68959 -0.23933 0 -0.0141223 0.34031 0.940207 0 -1.14129 -1.52613 1.93435 1
0.729802 -0.639263 0.242344 0 0.602139 0.433174 -0.670662 0 0.323753 0.635376 0.701057 0 -2.14992 -1.44116 5.1959 1
0.762075 -0.621961 0.180013 0 0.549043 0.473368 -0.688819 0 0.343207 0.623768 0.702226 0 -1.96897 -1.6383 5.36354 1
0.771403 -0.622891 0.130171 0 0.115719 -0.0638367 -0.991229 0 0.625736 0.779701 0.0228377 0 -0.598335 0.856312 9.90792 1
0.729802 -0.639262 0.242344 0 0.683511 0.689589 -0.239331 0 -0.0141222 0.34031 0.940207 0 -1.14129 -1.52613 1.93435 1
0.729802 -0.639262 0.242345 0 0.683511 0.689589 -0.239331 0 -0.0141219 0.340311 0.940206 0 -1.14129 -1.52613 1.93435 1
0.9906 -0.0340738 0.132483 0 0.0325672 0.999379 0.0135235 0 -0.132861 -0.00908124 0.991094 0 -0.861117 -0.0661612 1.57304 1
0.638176 -0.0175813 0.769691 0 0.0349297 0.999372 -0.00613345 0 -0.769099 0.0307996 0.638388 0 1.07563 -0.186468 2.48416 1
0.909666 -0.0255737 -0.414552 0 0.0399948 0.998859 0.026141 0 0.41341 -0.0403593 0.909651 0 1.09449 -0.193092 3.30847 1
0.867585 0.0958609 -0.487963 0 -0.0498427 0.993067 0.10647 0 0.494785 -0.0680499 0.866348 0 1.30297 -0.284583 3.2159 1
0.978383 0.157776 -0.133691 0 -0.137478 0.979164 0.149467 0 0.154488 -0.127856 0.979688 0 -0.20094 -0.583117 3.40131 1
0.9906 -0.0340749 0.132481 0 0.0325685 0.999378 0.013523 0 -0.13286 -0.00908117 0.991093 0 -0.861121 -0.0661612 1.57304 1
0.905528 -0.0338387 0.422935 0 0.0301614 0.999425 0.0153846 0 -0.423211 -0.0011753 0.906029 0 -0.00945848 -0.0893614 1.82424 1
0.855506 -0.0293002 -0.516957 0 0.0291512 0.999536 -0.00840972 0 0.516966 -0.00787462 0.855969 0 0.227725 -0.0933824 2.33723 1
0.999014 -0.0283047 0.0341298 0 0.0287412 0.999508 -0.012367 0 -0.0337609 0.0133363 0.999341 0 -1.55295 -0.0239866 2.87416 1
0.998759 -0.0305961 0.0392378 0 0.0310844 0.999443 -0.0118933 0 -0.0388504 0.0130989 0.999159 0 -1.57435 -0.0227038 2.86827 1
0.990606 -0.0339871 0.132458 0 0.0324848 0.999382 0.0134876 0 -0.132835 -0.00905806 0.991098 0 -0.86117 -0.0662233 1.57183 1
0.8969 -0.0331276 -0.440993 0 0.0355727 0.999365 -0.00272415 0 0.440802 -0.0132436 0.897508 0 -2.52425 -0.0541227 1.9572 1
0.778888 -0.0288463 -0.626501 0 0.0349289 0.999388 -0.00259146 0 0.626191 -0.0198641 0.779418 0 -3.41279 -0.0224097 2.5944 1
0.875398 -0.0318456 -0.482353 0 0.0349279 0.999387 -0.00259116 0 0.482139 -0.0145791 0.875974 0 -2.38766 -0.0602331 1.82494 1
0.972083 -0.0351035 -0.231998 0 0.0354234 0.999369 -0.00278748 0 0.23195 -0.00550823 0.972713 0 -0.451174 -0.130519 0.988558 1
0.778887 -0.0288468 -0.626502 0 0.0349285 0.999388 -0.002592 0 0.626192 -0.0198637 0.779417 0 -3.41279 -0.0224134 2.59441 1
0.587131 -0.492312 -0.642579 0 0.624641 0.780439 -0.0271922 0 0.514879 -0.385417 0.765738 0 -1.90649 2.51035 2.67081 1
0.885931 -0.269841 -0.377241 0 0.352503 0.920328 0.169523 0 0.301441 -0.283165 0.910468 0 -1.49194 2.53483 2.67523 1
0.885931 -0.269841 -0.377242 0 0.352503 0.920329 0.169523 0 0.301441 -0.283165 0.910469 0 -1.49194 2.53483 2.67523 1
0.795594 -0.0755738 -0.601099 0 0.258609 0.939616 0.224153 0 0.54786 -0.333784 0.767097 0 -2.94733 2.68607 3.7544 1
0.795593 -0.0755738 -0.601098 0 0.47184 0.699627 0.536551 0 0.379995 -0.710501 0.592277 0 -1.06225 2.86073 6.22748 1
0.462874 0.687873 -0.559087 0 0.794772 -0.0427543 0.605399 0 0.392535 -0.724571 -0.566493 0 1.21255 -2.42503 11.1423 1
0.885931 -0.269841 -0.377243 0 0.352503 0.920328 0.169524 0 0.301442 -0.283166 0.910467 0 -1.49194 2.53483 2.67523 1
0.319317 0.0986408 -0.942501 0 0.0335602 0.992768 0.115272 0 0.947053 -0.0684387 0.313696 0 -5.20637 1.60705 5.50717 1
0.778888 -0.028847 -0.626502 0 0.034928 0.999388 -0.00259166 0 0.626191 -0.0198637 0.779417 0 -3.41279 -0.0224134 2.5944 1
0.912858 -0.319439 -0.254261 0 0.261606 0.935774 -0.236419 0 0.313452 0.149299 0.937794 0 -1.43705 -1.1315 1.67536 1
0.729505 -0.639293 0.243157 0 0.68382 0.689244 -0.239444 0 -0.0145185 0.340951 0.939968 0 -1.14094 -1.52949 1.93481 1
0.729505 -0.639294 0.243157 0 0.68382 0.689244 -0.239444 0 -0.0145187 0.340952 0.939968 0 -1.14094 -1.52949 1.93481 1
0.729505 -0.639294 0.243156 0 0.602603 0.432557 -0.670644 0 0.32356 0.635765 0.700794 0 -2.15124 -1.44204 5.19578 1
0.761815 -0.622043 0.18083 0 0.549527 0.472754 -0.688856 0 0.34301 0.624153 0.701981 0 -1.97043 -1.63911 5.36365 1
0.771168 -0.623009 0.130994 0 0.116216 -0.0645404 -0.991125 0 0.625933 0.779549 0.022633 0 -0.601484 0.858219 9.90705 1
0.729505 -0.639293 0.243157 0 0.68382 0.689243 -0.239444 0 -0.0145186 0.340953 0.939968 0 -1.14094 -1.52949 1.93482 1
0.729505 -0.639293 0.243157 0 0.68382 0.689244 -0.239444 0 -0.0145183 0.340953 0.939968 0 -1.14094 -1.52949 1.93482 1
0.990607 -0.0339855 0.132459 0 0.032483 0.999383 0.0134885 0 -0.132835 -0.00905854 0.991098 0 -0.861167 -0.0662222 1.57183 1
0.633587 -0.0171378 0.773483 0 0.0348683 0.999373 -0.0064188 0 -0.772886 0.0310371 0.633786 0 1.08764 -0.187227 2.49567 1
0.914127 -0.0259221 -0.404597 0 0.0396664 0.998885 0.0256207 0 0.403482 -0.0394695 0.914137 0 1.09953 -0.193221 3.31733 1
0.867867 0.0956098 -0.487511 0 -0.0505477 0.99321 0.104801 0 0.494219 -0.0663102 0.866806 0 1.33846 -0.281839 3.21051 1
0.978559 0.158513 -0.131511 0 -0.138715 0.979199 0.148089 0 0.15225 -0.126671 0.980192 0 -0.172372 -0.583468 3.39487 1
0.990606 -0.0339864 0.132457 0 0.0324842 0.999382 0.0134879 0 -0.132834 -0.00905848 0.991097 0 -0.861172 -0.0662222 1.57183 1
0.90598 -0.0337536 0.421973 0 0.030089 0.999429 0.0153415 0 -0.422249 -0.00120272 0.906479 0 -0.0122553 -0.0892758 1.82172 1
0.85454 -0.0292118 -0.518559 0 0.0290468 0.999541 -0.00844017 0 0.518569 -0.00784948 0.855 0 0.225858 -0.0932871 2.33474 1
0.999087 -0.0281656 0.0320694 0 0.0285741 0.999513 -0.0123495 0 -0.0317045 0.0132548 0.999409 0 -1.55317 -0.0242345 2.87497 1
0.998713 -0.0303591 0.0405838 0 0.0308649 0.999451 -0.011889 0 -0.0401995 0.0131267 0.999106 0 -1.58786 -0.0226151 2.86537 1
0.99061 -0.0339258 0.132442 0 0.0324264 0.999384 0.0134633 0 -0.132817 -0.00904229 0.9911 0 -0.861205 -0.0662656 1.57099 1
0.896878 -0.0331393 -0.441037 0 0.0356052 0.999364 -0.00268607 0 0.440844 -0.0132937 0.897486 0 -2.52435 -0.0539577 1.95644 1
0.778945 -0.0287416 -0.626435 0 0.0348426 0.999391 -0.00252888 0 0.626125 -0.0198564 0.779471 0 -3.41237 -0.022564 2.59324 1
0.875443 -0.031741 -0.482278 0 0.0348416 0.99939 -0.00252853 0 0.482064 -0.0145896 0.876015 0 -2.38718 -0.0602525 1.82386 1
0.97205 -0.0351018 -0.232137 0 0.0354287 0.999369 -0.00276111 0 0.232087 -0.00554013 0.97268 0 -0.45234 -0.130339 0.988131 1
0.778944 -0.028742 -0.626436 0 0.0348422 0.999391 -0.00252929 0 0.626125 -0.019856 0.77947 0 -3.41238 -0.0225671 2.59324 1
0.586988 -0.49254 -0.642534 0 0.624785 0.780317 -0.0273847 0 0.514867 -0.385372 0.765769 0 -1.90618 2.50984 2.66954 1
0.885796 -0.270143 -0.377342 0 0.352771 0.920268 0.169289 0 0.301523 -0.283072 0.91047 0 -1.49173 2.53423 2.6739 1
0.885796 -0.270143 -0.377343 0 0.352771 0.920269 0.169289 0 0.301524 -0.283071 0.910471 0 -1.49173 2.53423 2.67389 1
0.795471 -0.0758944 -0.601221 0 0.258892 0.939591 0.223931 0 0.547905 -0.333781 0.767066 0 -2.9469 2.68605 3.75329 1
0.79547 -0.0758945 -0.601221 0 0.472114 0.699606 0.536338 0 0.379912 -0.710488 0.592346 0 -1.06135 2.86068 6.22601 1
0.462957 0.687647 -0.559296 0 0.794865 -0.0428467 0.605271 0 0.392249 -0.72478 -0.566423 0 1.21291 -2.42474 11.1415 1
0.885796 -0.270143 -0.377343 0 0.352772 0.920269 0.169289 0 0.301524 -0.283072 0.910469 0 -1.49173 2.53423 2.6739 1
0.319181 0.0983796 -0.942575 0 0.0338384 0.992781 0.115078 0 0.947089 -0.068626 0.313547 0 -5.20592 1.60794 5.50665 1
0.778945 -0.0287422 -0.626435 0 0.0348417 0.999391 -0.00252908 0 0.626125 -0.019856 0.77947 0 -3.41238 -0.0225678 2.59324 1
0.912898 -0.31938 -0.254191 0 0.261478 0.935749 -0.236657 0 0.313443 0.149578 0.937753 0 -1.43699 -1.13359 1.67528 1
0.729299 -0.639314 0.243721 0 0.684034 0.689004 -0.239522 0 -0.0147936 0.341396 0.939803 0 -1.1407 -1.53182 1.93513 1
0.729299 -0.639314 0.243721 0 0.684034 0.689005 -0.239522 0 -0.0147939 0.341397 0.939803 0 -1.1407 -1.53182 1.93513 1
0.729298 -0.639314 0.24372 0 0.602925 0.43213 -0.670631 0 0.323426 0.636035 0.700611 0 -2.15216 -1.44265 5.1957 1
0.761634 -0.622099 0.181397 0 0.549862 0.472328 -0.68888 0 0.342873 0.62442 0.701811 0 -1.97144 -1.63967 5.36373 1
0.771006 -0.62309 0.131565 0 0.116561 -0.0650288 -0.991053 0 0.626069 0.779444 0.0224914 0 -0.603668 0.859542 9.90645 1
0.729299 -0.639313 0.243721 0 0.684034 0.689004 -0.239523 0 -0.0147937 0.341398 0.939802 0 -1.1407 -1.53182 1.93514 1
0.729299 -0.639314 0.243721 0 0.684034 0.689004 -0.239523 0 -0.0147934 0.341398 0.939802 0 -1.1407 -1.53182 1.93514 1
0.990611 -0.0339242 0.132442 0 0.0324247 0.999385 0.013464 0 -0.132817 -0.00904277 0.9911 0 -0.861202 -0.0662645 1.57099 1
0.63039 -0.0168294 0.776097 0 0.0348263 0.999373 -0.00661649 0 -0.775497 0.0311996 0.63058 0 1.09593 -0.187746 2.50369 1
0.917158 -0.0261576 -0.397664 0 0.0394418 0.998904 0.0252586 0 0.396566 -0.0388509 0.917184 0 1.10302 -0.193307 3.32348 1
0.868063 0.095426 -0.487198 0 -0.0510261 0.993307 0.103639 0 0.493825 -0.0651057 0.867122 0 1.36315 -0.279945 3.20698 1
0.978679 0.159018 -0.130001 0 -0.139562 0.979224 0.147128 0 0.150696 -0.125848 0.980538 0 -0.152477 -0.583714 3.3906 1
0.99061 -0.0339251 0.132441 0 0.0324258 0.999384 0.0134636 0 -0.132816 -0.00904272 0.9911 0 -0.861207 -0.0662645 1.571 1
0.906292 -0.0336945 0.421306 0 0.030039 0.999431 0.0153115 0 -0.421581 -0.00122144 0.90679 0 -0.0141961 -0.0892172 1.81998 1
0.853869 -0.0291505 -0.51967 0 0.0289744 0.999544 -0.0084614 0 0.519679 -0.00783194 0.854325 0 0.224563 -0.0932223 2.33301 1
0.999136 -0.0280692 0.0306401 0 0.0284584 0.999518 -0.0123373 0 -0.0302782 0.0131985 0.999455 0 -1.55332 -0.0244074 2.87553 1
0.998681 -0.0301949 0.0415171 0 0.0307127 0.999457 -0.011886 0 -0.0411353 0.0131453 0.999068 0 -1.59722 -0.0225574 2.86336 1
0.990614 -0.0338668 0.132426 0 0.0323702 0.999387 0.0134399 0 -0.132799 -0.00902717 0.991103 0 -0.861239 -0.0663062 1.57019 1
0.896857 -0.0331503 -0.441079 0 0.0356362 0.999363 -0.00264948 0 0.440885 -0.0133419 0.897466 0 -2.52445 -0.0537994 1.95571 1
0.778999 -0.0286407 -0.626371 0 0.0347596 0.999394 -0.00246877 0 0.626061 -0.0198489 0.779523 0 -3.41197 -0.0227126 2.59212 1
0.875485 -0.0316404 -0.482207 0 0.0347585 0.999393 -0.00246834 0 0.481992 -0.0145997 0.876055 0 -2.38671 -0.060271 1.82283 1
0.972018 -0.0350999 -0.232271 0 0.0354335 0.999369 -0.00273575 0 0.23222 -0.00557079 0.972648 0 -0.453461 -0.130166 0.987719 1
0.778999 -0.0286411 -0.626373 0 0.0347592 0.999394 -0.00246917 0 0.626062 -0.0198485 0.779521 0 -3.41198 -0.0227157 2.59213 1
0.586851 -0.492759 -0.642491 0 0.624924 0.7802 -0.0275699 0 0.514855 -0.385329 0.765798 0 -1.90589 2.50935 2.66831 1
0.885666 -0.270433 -0.377439 0 0.353029 0.920211 0.169064 0 0.301603 -0.282982 0.910472 0 -1.49154 2.53364 2.67262 1
0.885666 -0.270433 -0.37744 0 0.353029 0.920212 0.169063 0 0.301603 -0.282981 0.910473 0 -1.49154 2.53364 2.67261 1
0.795353 -0.0762024 -0.601338 0 0.259164 0.939567 0.223717 0 0.547948 -0.333779 0.767037 0 -2.94649 2.68602 3.75222 1
0.795352 -0.0762024 -0.601338 0 0.472377 0.699585 0.536133 0 0.379832 -0.710475 0.592413 0 -1.06048 2.86063 6.2246 1
0.463036 0.68743 -0.559498 0 0.794954 -0.0429354 0.605147 0 0.391974 -0.724981 -0.566356 0 1.21327 -2.42446 11.1406 1
0.885666 -0.270433 -0.37744 0 0.35303 0.920211 0.169064 0 0.301604 -0.282982 0.910471 0 -1.49153 2.53364 2.67261 1
0.31905 0.0981287 -0.942645 0 0.0341054 0.992794 0.114892 0 0.947124 -0.0688055 0.313404 0 -5.20549 1.6088 5.50615 1
0.778999 -0.0286413 -0.626372 0 0.0347586 0.999394 -0.00246896 0 0.626062 -0.0198485 0.779522 0 -3.41198 -0.0227164 2.59212 1
0.912936 -0.319324 -0.254125 0 0.261354 0.935726 -0.236886 0 0.313434 0.149845 0.937714 0 -1.43694 -1.13559 1.67519 1
0.729101 -0.639334 0.244262 0 0.68424 0.688774 -0.239598 0 -0.0150581 0.341824 0.939643 0 -1.14046 -1.53406 1.93544 1
0.729101 -0.639334 0.244262 0 0.684239 0.688775 -0.239597 0 -0.0150583 0.341825 0.939643 0 -1.14047 -1.53406 1.93544 1
0.7291 -0.639334 0.244262 0 0.603234 0.431719 -0.670618 0 0.323297 0.636295 0.700435 0 -2.15304 -1.44323 5.19562 1
0.761461 -0.622152 0.181942 0 0.550185 0.471918 -0.688904 0 0.342741 0.624676 0.701647 0 -1.97241 -1.64021 5.3638 1
0.770849 -0.623168 0.132114 0 0.116892 -0.0654977 -0.990983 0 0.626201 0.779343 0.022355 0 -0.605768 0.860813 9.90586 1
0.729101 -0.639333 0.244262 0 0.68424 0.688774 -0.239598 0 -0.0150581 0.341825 0.939643 0 -1.14047 -1.53406 1.93545 1
0.729101 -0.639334 0.244263 0 0.68424 0.688774 -0.239598 0 -0.0150578 0.341826 0.939643 0 -1.14047 -1.53406 1.93545 1
0.990615 -0.0338654 0.132427 0 0.0323686 0.999387 0.0134408 0 -0.1328 -0.00902764 0.991103 0 -0.861236 -0.0663051 1.57019 1
0.62731 -0.0165327 0.778596 0 0.0347869 0.999374 -0.00680641 0 -0.777994 0.0313548 0.627491 0 1.10386 -0.188243 2.51144 1
0.92002 -0.0263791 -0.390981 0 0.0392287 0.998921 0.0249094 0 0.389901 -0.0382554 0.920062 0 1.10635 -0.19339 3.3294 1
0.868252 0.0952419 -0.486896 0 -0.0514772 0.9934 0.102521 0 0.493445 -0.0639498 0.867424 0 1.38693 -0.278134 3.20375 1
0.978792 0.159498 -0.128551 0 -0.140369 0.979247 0.146202 0 0.149201 -0.125057 0.980868 0 -0.133305 -0.583952 3.38665 1
0.990614 -0.0338661 0.132425 0 0.0323696 0.999386 0.0134402 0 -0.132799 -0.00902759 0.991103 0 -0.861241 -0.0663051 1.57019 1
0.906592 -0.033638 0.420665 0 0.0299914 0.999435 0.0152824 0 -0.42094 -0.00123901 0.907089 0 -0.0160602 -0.0891626 1.8183 1
0.853223 -0.0290922 -0.520736 0 0.0289053 0.999548 -0.00848198 0 0.520746 -0.00781485 0.853677 0 0.22332 -0.0931616 2.33135 1
0.999181 -0.0279768 0.0292664 0 0.0283477 0.999524 -0.0123257 0 -0.0289083 0.0131449 0.999497 0 -1.55346 -0.0245743 2.87606 1
0.998649 -0.0300375 0.0424134 0 0.030567 0.999464 -0.0118831 0 -0.0420347 0.0131632 0.999031 0 -1.60622 -0.0225048 2.86143 1
0.990624 -0.0337276 0.132388 0 0.0322375 0.999392 0.0133843 0 -0.132758 -0.00899097 0.991109 0 -0.861319 -0.0664031 1.5683 1
0.896807 -0.0331785 -0.441179 0 0.0357108 0.99936 -0.00256517 0 0.44098 -0.0134543 0.897417 0 -2.52468 -0.0534284 1.95398 1
0.779128 -0.0284048 -0.626222 0 0.0345644 0.999401 -0.002329 0 0.625911 -0.0198303 0.779643 0 -3.41103 -0.0230645 2.58949 1
0.875586 -0.0314049 -0.482039 0 0.0345634 0.9994 -0.00232857 0 0.481823 -0.0146221 0.876147 0 -2.38561 -0.0603196 1.82039 1
0.971942 -0.0350957 -0.232587 0 0.035445 0.999368 -0.00267799 0 0.232535 -0.00564123 0.972572 0 -0.456115 -0.129767 0.986756 1
0.779127 -0.0284053 -0.626223 0 0.0345642 0.999401 -0.00232928 0 0.625912 -0.01983 0.779642 0 -3.41104 -0.0230664 2.58949 1
0.586531 -0.49328 -0.642383 0 0.625248 0.779923 -0.0280107 0 0.514825 -0.38522 0.765872 0 -1.90518 2.50815 2.66538 1
0.885357 -0.271123 -0.377668 0 0.35364 0.920074 0.168523 0 0.301791 -0.282763 0.910477 0 -1.49106 2.53221 2.66956 1
0.885357 -0.271123 -0.377669 0 0.35364 0.920075 0.168523 0 0.301792 -0.282762 0.910477 0 -1.49106 2.53221 2.66955 1
0.795071 -0.0769365 -0.601616 0 0.259808 0.93951 0.223205 0 0.54805 -0.333768 0.766967 0 -2.9455 2.68593 3.74966 1
0.79507 -0.0769365 -0.601616 0 0.473001 0.699538 0.535642 0 0.379642 -0.710441 0.592574 0 -1.05842 2.8605 6.22123 1
0.463224 0.68691 -0.559979 0 0.795165 -0.0431426 0.604854 0 0.391322 -0.72546 -0.566193 0 1.21412 -2.42379 11.1387 1
0.885357 -0.271123 -0.377669 0 0.353641 0.920074 0.168523 0 0.301792 -0.282763 0.910476 0 -1.49106 2.53221 2.66956 1
0.318738 0.0975278 -0.942813 0 0.0347388 0.992822 0.114445 0 0.947204 -0.0692304 0.313062 0 -5.20445 1.61081 5.50495 1
0.779128 -0.0284055 -0.626222 0 0.0345635 0.999401 -0.00232919 0 0.625912 -0.0198298 0.779642 0 -3.41104 -0.0230683 2.58949 1
0.913027 -0.319191 -0.253963 0 0.26106 0.935667 -0.237438 0 0.313413 0.150487 0.937617 0 -1.43681 -1.14041 1.67503 1
0.728638 -0.639371 0.245541 0 0.684718 0.688233 -0.239783 0 -0.0156787 0.342841 0.939262 0 -1.13991 -1.53941 1.93621 1
0.728639 -0.639371 0.245541 0 0.684718 0.688234 -0.239783 0 -0.0156789 0.342842 0.939262 0 -1.13991 -1.53941 1.93621 1
0.728638 -0.639371 0.245541 0 0.603956 0.430748 -0.670592 0 0.322991 0.636914 0.700011 0 -2.15508 -1.44465 5.19546 1
0.761056 -0.62227 0.183229 0 0.550938 0.470949 -0.688965 0 0.34243 0.625289 0.701251 0 -1.97468 -1.64153 5.364 1
0.770484 -0.623343 0.13341 0 0.117668 -0.0666122 -0.990817 0 0.626504 0.779107 0.0220243 0 -0.610684 0.863816 9.90447 1
0.728638 -0.63937 0.245541 0 0.684718 0.688233 -0.239784 0 -0.0156787 0.342842 0.939262 0 -1.13991 -1.53941 1.93622 1
0.728638 -0.639371 0.245542 0 0.684718 0.688233 -0.239784 0 -0.0156784 0.342842 0.939261 0 -1.13991 -1.53941 1.93622 1
0.990625 -0.0337262 0.132389 0 0.0322361 0.999392 0.013385 0 -0.132759 -0.00899144 0.991108 0 -0.861315 -0.066402 1.5683 1
0.623417 -0.0161421 0.781724 0 0.0346867 0.999375 -0.00702538 0 -0.78112 0.0314952 0.623587 0 1.11382 -0.188693 2.52038 1
0.923639 -0.0266088 -0.382338 0 0.0389135 0.998944 0.0244815 0 0.381282 -0.0374904 0.923699 0 1.11047 -0.193328 3.33587 1
0.868711 0.0948807 -0.486149 0 -0.052003 0.993531 0.100978 0 0.492583 -0.0624396 0.868024 0 1.41634 -0.275555 3.1993 1
0.979169 0.159867 -0.125188 0 -0.141373 0.979308 0.144825 0 0.145749 -0.12411 0.981507 0 -0.114442 -0.584266 3.38029 1
0.990624 -0.0337269 0.132387 0 0.0322369 0.999391 0.0133846 0 -0.132758 -0.00899139 0.991108 0 -0.861321 -0.066402 1.5683 1
0.907324 -0.0335082 0.419095 0 0.0298804 0.999439 0.0152183 0 -0.419369 -0.00128554 0.907816 0 -0.0206323 -0.0890166 1.81428 1
0.851703 -0.0289531 -0.523227 0 0.0287448 0.999553 -0.0085215 0 0.523238 -0.00778222 0.852151 0 0.220203 -0.0930033 2.3273 1
0.999274 -0.0277562 0.0261475 0 0.0280851 0.999531 -0.0122879 0 -0.0257949 0.0130128 0.999583 0 -1.55429 -0.0249465 2.87716 1
0.998577 -0.0296674 0.0443287 0 0.0302212 0.999474 -0.0118665 0 -0.0439544 0.0131888 0.998948 0 -1.6267 -0.0223987 2.85709 1
0.990636 -0.0335566 0.132341 0 0.0320745 0.999397 0.0133157 0 -0.132708 -0.00894623 0.991115 0 -0.861417 -0.0665226 1.56597 1
